//544																					
Cruise	Station	Type	mon/day/yr	hh:mm	Lon [°E]	Lat [°N]	Bot. Depth[m]	Depth[m]	QF	Temperature[°C]	QF	Salinity	QF	Density	QF	Oxygen[µM]	QF	OxygenSat[%]	QF	Nitrate[µM]	QF
5145MtyBay	1	C	9/17/2007	23:28	237.531	36.746		211.12	0	8.4573	0	34.1482	0	26.459	0	55.7	0	19	0	30.77	0
5145MtyBay	1	C	9/17/2007	23:28	237.531	36.746		201.65	0	8.5842	0	34.1425	0	26.435	0	56.6	0	19.3	0	30.5	0
5145MtyBay	1	C	9/17/2007	23:28	237.531	36.746		191.51	0	8.6723	0	34.1386	0	26.418	0	58.6	0	20	0	30.07	0
5145MtyBay	1	C	9/17/2007	23:28	237.531	36.746		181.58	0	8.6844	0	34.1266	0	26.406	0	60.3	0	20.6	0	30.11	0
5145MtyBay	1	C	9/17/2007	23:28	237.531	36.746		171.73	0	8.8036	0	34.1199	0	26.382	0	61.8	0	21.2	0	29.64	0
5145MtyBay	1	C	9/17/2007	23:28	237.531	36.746		161.5	0	8.8801	0	34.1027	0	26.355	0	63.4	0	21.8	0	29.32	0
5145MtyBay	1	C	9/17/2007	23:28	237.531	36.746		150.8	0	8.9545	0	34.0838	0	26.328	0	66.7	0	23	0	29.09	0
5145MtyBay	1	C	9/17/2007	23:28	237.531	36.746		140.77	0	8.9389	0	34.0486	0	26.301	0	70.5	0	24.2	0	28.82	0
5145MtyBay	1	C	9/17/2007	23:28	237.531	36.746		130.93	0	8.9773	0	34.0322	0	26.281	0	72.2	0	24.9	0	28.45	0
5145MtyBay	1	C	9/17/2007	23:28	237.531	36.746		121.39	0	8.6393	0	33.9055	0	26.229	0	105.2	0	35.9	0	26.05	0
5145MtyBay	1	C	9/17/2007	23:28	237.531	36.746		111.28	0	8.645	0	33.8556	0	26.187	0	120.5	0	41.1	0	25.3	0
5145MtyBay	1	C	9/17/2007	23:28	237.531	36.746		101.72	0	8.6903	0	33.8169	0	26.148	0	128.6	0	43.9	0	24.79	0
5145MtyBay	1	C	9/17/2007	23:28	237.531	36.746		96.14	0	8.8967	0	33.8352	0	26.13	0	128.5	0	44.1	0	25.32	0
5145MtyBay	1	C	9/17/2007	23:28	237.531	36.746		91.59	0	8.7926	0	33.7746	0	26.096	0	126.2	0	43.2	0	24.82	0
5145MtyBay	1	C	9/17/2007	23:28	237.531	36.746		86.1	0	8.8792	0	33.7203	0	26.037	0	131.6	0	45.1	0	23.76	0
5145MtyBay	1	C	9/17/2007	23:28	237.531	36.746		81.66	0	8.893	0	33.7182	0	26.033	0	136.5	0	46.8	0	23.73	0
5145MtyBay	1	C	9/17/2007	23:28	237.531	36.746		76.22	0	9.3446	0	33.7049	0	25.949	0	137	0	47.4	0	23.53	0
5145MtyBay	1	C	9/17/2007	23:28	237.531	36.746		71.21	0	9.4755	0	33.7117	0	25.933	0	137.3	0	47.7	0	23.27	0
5145MtyBay	1	C	9/17/2007	23:28	237.531	36.746		66.46	0	9.7903	0	33.7023	0	25.873	0	137.6	0	48.1	0	23.19	0
5145MtyBay	1	C	9/17/2007	23:28	237.531	36.746		61.33	0	9.9291	0	33.6896	0	25.839	0	136.8	0	48	0	23.22	0
5145MtyBay	1	C	9/17/2007	23:28	237.531	36.746		56.63	0	10.0817	0	33.6782	0	25.804	0	138	0	48.5	0	22.83	0
5145MtyBay	1	C	9/17/2007	23:28	237.531	36.746		51.9	0	10.4627	0	33.6406	0	25.707	0	145.3	0	51.5	0	21.98	0
5145MtyBay	1	C	9/17/2007	23:28	237.531	36.746		46.66	0	10.938	0	33.6033	0	25.591	0	158.2	0	56.7	0	20.75	0
5145MtyBay	1	C	9/17/2007	23:28	237.531	36.746		41.7	0	11.2763	0	33.6038	0	25.53	0	170.8	0	61.6	0	19.42	0
5145MtyBay	1	C	9/17/2007	23:28	237.531	36.746		35.87	0	11.1899	0	33.5512	0	25.502	0	179.4	0	64.6	0	19.19	0
5145MtyBay	1	C	9/17/2007	23:28	237.531	36.746		31.24	0	11.8067	0	33.5487	0	25.386	0	181.8	0	66.3	0	17.63	0
5145MtyBay	1	C	9/17/2007	23:28	237.531	36.746		26.36	0	12.0698	0	33.5704	0	25.355	0	194.1	0	71.2	0	15.15	0
5145MtyBay	1	C	9/17/2007	23:28	237.531	36.746		21.58	0	12.2451	0	33.5617	0	25.314	0	205	0	75.5	0	14.69	0
5145MtyBay	1	C	9/17/2007	23:28	237.531	36.746		16.85	0	12.7454	0	33.4052	0	25.085	0	215.7	0	80.2	0	12.23	0
5145MtyBay	1	C	9/17/2007	23:28	237.531	36.746		11.71	0	14.2033	0	33.3757	0	24.763	0	252	0	96.6	0	6.85	0
5145MtyBay	1	C	9/17/2007	23:28	237.531	36.746		7.79	0	14.6181	0	33.3581	0	24.66	0	260.2	0	100.6	0	5.67	0
5145MtyBay	1	C	9/17/2007	23:28	237.531	36.746															
5145MtyBay	2	C	9/18/2007	9:53	237.484	36.775		950.95	0	4.1644	0	34.4118	0	27.249	0	12	0	3.7	0	42.98	0
5145MtyBay	2	C	9/18/2007	9:53	237.484	36.775		901.51	0	4.2352	0	34.3981	0	27.23	0	11.1	0	3.4	0	42.9	0
5145MtyBay	2	C	9/18/2007	9:53	237.484	36.775		851.44	0	4.3843	0	34.3715	0	27.191	0	9.7	0	3	0	42.67	0
5145MtyBay	2	C	9/18/2007	9:53	237.484	36.775		800.59	0	4.6351	0	34.3593	0	27.152	0	9.6	0	3	0	42.17	0
5145MtyBay	2	C	9/18/2007	9:53	237.484	36.775		750.58	0	4.7639	0	34.3357	0	27.118	0	9.1	0	2.8	0	42.08	0
5145MtyBay	2	C	9/18/2007	9:53	237.484	36.775		700.66	0	4.9627	0	34.3097	0	27.073	0	9	0	2.8	0	41.82	0
5145MtyBay	2	C	9/18/2007	9:53	237.484	36.775		651.04	0	5.1244	0	34.2715	0	27.022	0	10.5	0	3.3	0	41.33	0
5145MtyBay	2	C	9/18/2007	9:53	237.484	36.775		601.72	0	5.2796	0	34.2502	0	26.985	0	12.9	0	4.1	0	40.88	0
5145MtyBay	2	C	9/18/2007	9:53	237.484	36.775		550.56	0	5.6802	0	34.2311	0	26.919	0	17	0	5.4	0	39.59	0
5145MtyBay	2	C	9/18/2007	9:53	237.484	36.775		501.28	0	5.9647	0	34.1878	0	26.847	0	23.7	0	7.6	0	38.67	0
5145MtyBay	2	C	9/18/2007	9:53	237.484	36.775		451.52	0	6.4078	0	34.1781	0	26.78	0	29.5	0	9.6	0	37.25	0
5145MtyBay	2	C	9/18/2007	9:53	237.484	36.775		401.5	0	6.4388	0	34.1028	0	26.714	0	41.6	0	13.5	0	36.84	0
5145MtyBay	2	C	9/18/2007	9:53	237.484	36.775		381.33	0	6.5987	0	34.1056	0	26.694	0	44	0	14.4	0	36.41	0
5145MtyBay	2	C	9/18/2007	9:53	237.484	36.775		361.48	0	6.7429	0	34.0985	0	26.669	0	47.1	0	15.4	0	35.74	0
5145MtyBay	2	C	9/18/2007	9:53	237.484	36.775		351.45	0	6.9592	0	34.115	0	26.652	0	47.2	0	15.5	0	35.2	0
5145MtyBay	2	C	9/18/2007	9:53	237.484	36.775		341.63	0	7.3702	0	34.1701	0	26.639	0	46.9	0	15.6	0	34.23	0
5145MtyBay	2	C	9/18/2007	9:53	237.484	36.775		330.66	0	7.5367	0	34.1923	0	26.634	0	41.1	0	13.7	0	33.8	0
5145MtyBay	2	C	9/18/2007	9:53	237.484	36.775		320.68	0	7.6275	0	34.1884	0	26.617	0	39.9	0	13.3	0	33.5	0
5145MtyBay	2	C	9/18/2007	9:53	237.484	36.775		311.07	0	7.639	0	34.1671	0	26.598	0	42.6	0	14.2	0	33.37	0
5145MtyBay	2	C	9/18/2007	9:53	237.484	36.775		301.24	0	7.791	0	34.1818	0	26.588	0	43.9	0	14.7	0	33.03	0
5145MtyBay	2	C	9/18/2007	9:53	237.484	36.775		291.16	0	7.9291	0	34.1934	0	26.577	0	42.5	0	14.3	0	32.61	0
5145MtyBay	2	C	9/18/2007	9:53	237.484	36.775		281.47	0	8.0052	0	34.1915	0	26.564	0	42.9	0	14.5	0	32.51	0
5145MtyBay	2	C	9/18/2007	9:53	237.484	36.775		270.95	0	8.049	0	34.1905	0	26.556	0	43.9	0	14.8	0	32.32	0
5145MtyBay	2	C	9/18/2007	9:53	237.484	36.775		260.71	0	8.0622	0	34.178	0	26.544	0	45	0	15.2	0	32.1	0
5145MtyBay	2	C	9/18/2007	9:53	237.484	36.775		250.96	0	8.1695	0	34.1653	0	26.517	0	46.9	0	15.9	0	31.79	0
5145MtyBay	2	C	9/18/2007	9:53	237.484	36.775		241.03	0	8.2646	0	34.1604	0	26.499	0	50.5	0	17.1	0	31.35	0
5145MtyBay	2	C	9/18/2007	9:53	237.484	36.775		231.76	0	8.3293	0	34.1535	0	26.483	0	52.1	0	17.7	0	31.29	0
5145MtyBay	2	C	9/18/2007	9:53	237.484	36.775		218.83	0	8.4915	0	34.1438	0	26.45	0	52.3	0	17.8	0	30.83	0
5145MtyBay	2	C	9/18/2007	9:53	237.484	36.775		210.7	0	8.5317	0	34.1424	0	26.443	0	52.7	0	18	0	30.86	0
5145MtyBay	2	C	9/18/2007	9:53	237.484	36.775		201.49	0	8.6	0	34.1332	0	26.425	0	53.7	0	18.3	0	30.65	0
5145MtyBay	2	C	9/18/2007	9:53	237.484	36.775		191.1	0	8.6957	0	34.1176	0	26.397	0	56.3	0	19.3	0	30.23	0
5145MtyBay	2	C	9/18/2007	9:53	237.484	36.775		181.12	0	8.7043	0	34.0992	0	26.38	0	59.7	0	20.4	0	30.19	0
5145MtyBay	2	C	9/18/2007	9:53	237.484	36.775		171.63	0	8.6866	0	34.0837	0	26.37	0	62.7	0	21.4	0	29.9	0
5145MtyBay	2	C	9/18/2007	9:53	237.484	36.775		161.18	0	8.6895	0	34.0562	0	26.347	0	70.6	0	24.1	0	29.34	0
5145MtyBay	2	C	9/18/2007	9:53	237.484	36.775		150.81	0	8.708	0	34.018	0	26.312	0	80.2	0	27.4	0	28.43	0
5145MtyBay	2	C	9/18/2007	9:53	237.484	36.775		140.91	0	8.6531	0	33.9661	0	26.277	0	85.8	0	29.3	0	27.37	0
5145MtyBay	2	C	9/18/2007	9:53	237.484	36.775		131.02	0	8.7902	0	33.9385	0	26.233	0	103.8	0	35.5	0	27.24	0
5145MtyBay	2	C	9/18/2007	9:53	237.484	36.775		120.98	0	8.8674	0	33.9311	0	26.215	0	102.7	0	35.2	0	27.16	0
5145MtyBay	2	C	9/18/2007	9:53	237.484	36.775		110.87	0	8.8564	0	33.9131	0	26.201	0	105.1	0	36	0	26.58	0
5145MtyBay	2	C	9/18/2007	9:53	237.484	36.775		101.05	0	8.8965	0	33.8598	0	26.151	0	109	0	37.4	0	25.87	0
5145MtyBay	2	C	9/18/2007	9:53	237.484	36.775		96.77	0	8.8415	0	33.8036	0	26.113	0	115.2	0	39.5	0	25.26	0
5145MtyBay	2	C	9/18/2007	9:53	237.484	36.775		91.33	0	8.8571	0	33.7922	0	26.101	0	122.2	0	41.9	0	25.04	0
5145MtyBay	2	C	9/18/2007	9:53	237.484	36.775		86.67	0	8.8999	0	33.7871	0	26.09	0	125.7	0	43.1	0	25.07	0
5145MtyBay	2	C	9/18/2007	9:53	237.484	36.775		81.75	0	9.1262	0	33.7514	0	26.024	0	127.4	0	43.9	0	24.63	0
5145MtyBay	2	C	9/18/2007	9:53	237.484	36.775		76.36	0	9.276	0	33.7265	0	25.979	0	131.4	0	45.4	0	24.36	0
5145MtyBay	2	C	9/18/2007	9:53	237.484	36.775		71.67	0	9.737	0	33.7027	0	25.882	0	134.8	0	47.1	0	23.48	0
5145MtyBay	2	C	9/18/2007	9:53	237.484	36.775		66.49	0	9.8702	0	33.6854	0	25.846	0	135.1	0	47.3	0	23.14	0
5145MtyBay	2	C	9/18/2007	9:53	237.484	36.775		61.54	0	10.1848	0	33.6654	0	25.775	0	136.4	0	48.1	0	22.88	0
5145MtyBay	2	C	9/18/2007	9:53	237.484	36.775		56.46	0	10.3148	0	33.6516	0	25.741	0	138.8	0	49.1	0	22.58	0
5145MtyBay	2	C	9/18/2007	9:53	237.484	36.775		51.89	0	10.5055	0	33.6352	0	25.695	0	144	0	51.1	0	21.73	0
5145MtyBay	2	C	9/18/2007	9:53	237.484	36.775		46.26	0	10.6248	0	33.6186	0	25.66	0	155.5	0	55.3	0	21.17	0
5145MtyBay	2	C	9/18/2007	9:53	237.484	36.775		41.47	0	11.1004	0	33.646	0	25.598	0	161.9	0	58.2	0	20.16	0
5145MtyBay	2	C	9/18/2007	9:53	237.484	36.775		36.75	0	11.5557	0	33.6037	0	25.479	0	171.5	0	62.3	0	18.96	0
5145MtyBay	2	C	9/18/2007	9:53	237.484	36.775		31.36	0	12.013	0	33.5727	0	25.367	0	178.9	0	65.6	0	16.36	0
5145MtyBay	2	C	9/18/2007	9:53	237.484	36.775		26.91	0	13.3628	0	33.3961	0	24.954	0	217.2	0	81.8	0	9.96	0
5145MtyBay	2	C	9/18/2007	9:53	237.484	36.775		21.74	0	13.8649	0	33.3847	0	24.842	0	245.4	0	93.4	0	8.19	0
5145MtyBay	2	C	9/18/2007	9:53	237.484	36.775		16.85	0	14.0539	0	33.3626	0	24.784	0	253.5	0	96.8	0	7.46	0
5145MtyBay	2	C	9/18/2007	9:53	237.484	36.775		11.61	0	14.109	0	33.3431	0	24.756	0	257	0	98.3	0	6.97	0
5145MtyBay	2	C	9/18/2007	9:53	237.484	36.775		7.49	0	14.1512	0	33.3339	0	24.739	0	256.6	0	98.2	0	6.71	0
5145MtyBay	2	C	9/18/2007	9:53	237.484	36.775															
5145MtyBay	3	C	9/18/2007	19:48	237.44	36.8		1001.14	0	4.0974	0	34.4244	0	27.267	0	13.8	0	4.2	0	42.31	0
5145MtyBay	3	C	9/18/2007	19:48	237.44	36.8		950.75	0	4.1738	0	34.4095	0	27.246	0	12.4	0	3.8	0	42.53	0
5145MtyBay	3	C	9/18/2007	19:48	237.44	36.8		901.21	0	4.2516	0	34.3979	0	27.228	0	11.1	0	3.4	0	42.78	0
5145MtyBay	3	C	9/18/2007	19:48	237.44	36.8		851.26	0	4.4242	0	34.3792	0	27.193	0	10.5	0	3.3	0	42.26	0
5145MtyBay	3	C	9/18/2007	19:48	237.44	36.8		800.4	0	4.5815	0	34.3587	0	27.158	0	9.6	0	3	0	42.16	0
5145MtyBay	3	C	9/18/2007	19:48	237.44	36.8		750.81	0	4.7566	0	34.3415	0	27.123	0	9.1	0	2.8	0	41.74	0
5145MtyBay	3	C	9/18/2007	19:48	237.44	36.8		701.54	0	4.963	0	34.3061	0	27.07	0	9	0	2.8	0	41.66	0
5145MtyBay	3	C	9/18/2007	19:48	237.44	36.8		651.07	0	5.135	0	34.275	0	27.023	0	10.5	0	3.3	0	41.14	0
5145MtyBay	3	C	9/18/2007	19:48	237.44	36.8		600.91	0	5.3814	0	34.2606	0	26.981	0	12.4	0	3.9	0	40.33	0
5145MtyBay	3	C	9/18/2007	19:48	237.44	36.8		551.19	0	5.6069	0	34.2311	0	26.928	0	16.1	0	5.1	0	39.7	0
5145MtyBay	3	C	9/18/2007	19:48	237.44	36.8		500.95	0	6.0061	0	34.1986	0	26.85	0	21.7	0	7	0	38.32	0
5145MtyBay	3	C	9/18/2007	19:48	237.44	36.8		451.71	0	6.3182	0	34.1608	0	26.778	0	31.2	0	10.1	0	37.27	0
5145MtyBay	3	C	9/18/2007	19:48	237.44	36.8		398.63	0	6.384	0	34.1084	0	26.726	0	41.7	0	13.5	0	36.95	0
5145MtyBay	3	C	9/18/2007	19:48	237.44	36.8		380.69	0	6.531	0	34.0973	0	26.697	0	43.6	0	14.2	0	36.33	0
5145MtyBay	3	C	9/18/2007	19:48	237.44	36.8		361.49	0	6.6792	0	34.0924	0	26.672	0	47.2	0	15.4	0	35.99	0
5145MtyBay	3	C	9/18/2007	19:48	237.44	36.8		351.06	0	6.7693	0	34.0872	0	26.656	0	48.7	0	15.9	0	35.42	0
5145MtyBay	3	C	9/18/2007	19:48	237.44	36.8		340.64	0	6.977	0	34.1062	0	26.642	0	49.4	0	16.3	0	34.82	0
5145MtyBay	3	C	9/18/2007	19:48	237.44	36.8		331.63	0	7.1398	0	34.112	0	26.624	0	49.6	0	16.4	0	34.59	0
5145MtyBay	3	C	9/18/2007	19:48	237.44	36.8		321.61	0	7.1503	0	34.1013	0	26.614	0	51.3	0	16.9	0	34.59	0
5145MtyBay	3	C	9/18/2007	19:48	237.44	36.8		311.35	0	7.1925	0	34.0836	0	26.593	0	55.9	0	18.5	0	34.05	0
5145MtyBay	3	C	9/18/2007	19:48	237.44	36.8		301.44	0	7.1886	0	34.0755	0	26.587	0	58.2	0	19.2	0	33.92	0
5145MtyBay	3	C	9/18/2007	19:48	237.44	36.8		290.82	0	7.5436	0	34.1006	0	26.557	0	61.5	0	20.5	0	33.09	0
5145MtyBay	3	C	9/18/2007	19:48	237.44	36.8		280.89	0	8.0447	0	34.1886	0	26.556	0	49.9	0	16.8	0	31.99	0
5145MtyBay	3	C	9/18/2007	19:48	237.44	36.8		271.12	0	8.0541	0	34.1725	0	26.541	0	47.1	0	15.9	0	32.04	0
5145MtyBay	3	C	9/18/2007	19:48	237.44	36.8		261.41	0	7.9391	0	34.1363	0	26.528	0	51.3	0	17.2	0	32.13	0
5145MtyBay	3	C	9/18/2007	19:48	237.44	36.8		250.99	0	8.1072	0	34.1535	0	26.517	0	51.4	0	17.4	0	31.76	0
5145MtyBay	3	C	9/18/2007	19:48	237.44	36.8		241.16	0	8.1958	0	34.1526	0	26.503	0	54.1	0	18.3	0	31.44	0
5145MtyBay	3	C	9/18/2007	19:48	237.44	36.8		231.01	0	8.2935	0	34.1517	0	26.487	0	53.3	0	18.1	0	31.19	0
5145MtyBay	3	C	9/18/2007	19:48	237.44	36.8		221.69	0	8.3761	0	34.149	0	26.472	0	53.1	0	18	0	31.23	0
5145MtyBay	3	C	9/18/2007	19:48	237.44	36.8		208.76	0	8.5171	0	34.1365	0	26.44	0	55	0	18.7	0	30.97	0
5145MtyBay	3	C	9/18/2007	19:48	237.44	36.8		201.58	0	8.5417	0	34.1298	0	26.431	0	55	0	18.7	0	30.81	0
5145MtyBay	3	C	9/18/2007	19:48	237.44	36.8		191.18	0	8.558	0	34.1166	0	26.417	0	56.6	0	19.3	0	30.56	0
5145MtyBay	3	C	9/18/2007	19:48	237.44	36.8		180.77	0	8.6486	0	34.1051	0	26.394	0	59.3	0	20.3	0	30.3	0
5145MtyBay	3	C	9/18/2007	19:48	237.44	36.8		171.52	0	8.6543	0	34.089	0	26.379	0	61.6	0	21	0	30.11	0
5145MtyBay	3	C	9/18/2007	19:48	237.44	36.8		160.82	0	8.6896	0	34.0539	0	26.345	0	68.1	0	23.3	0	29.21	0
5145MtyBay	3	C	9/18/2007	19:48	237.44	36.8		150.84	0	8.722	0	34.0355	0	26.324	0	76.8	0	26.3	0	28.8	0
5145MtyBay	3	C	9/18/2007	19:48	237.44	36.8		141.28	0	8.7758	0	34.0196	0	26.303	0	79.9	0	27.4	0	28.67	0
5145MtyBay	3	C	9/18/2007	19:48	237.44	36.8		130.79	0	8.8161	0	34.0051	0	26.284	0	83.8	0	28.7	0	28.33	0
5145MtyBay	3	C	9/18/2007	19:48	237.44	36.8		121.26	0	8.8441	0	33.9691	0	26.25	0	87.9	0	30.1	0	27.71	0
5145MtyBay	3	C	9/18/2007	19:48	237.44	36.8		111.73	0	8.6608	0	33.8464	0	26.177	0	110.9	0	37.8	0	25.42	0
5145MtyBay	3	C	9/18/2007	19:48	237.44	36.8		101.35	0	8.825	0	33.7677	0	26.085	0	128.9	0	44.1	0	24.55	0
5145MtyBay	3	C	9/18/2007	19:48	237.44	36.8		96.68	0	8.8789	0	33.763	0	26.073	0	131.5	0	45.1	0	24.79	0
5145MtyBay	3	C	9/18/2007	19:48	237.44	36.8		91.25	0	8.9592	0	33.7513	0	26.05	0	133.1	0	45.7	0	24.36	0
5145MtyBay	3	C	9/18/2007	19:48	237.44	36.8		86.63	0	9.3677	0	33.7635	0	25.994	0	130.9	0	45.3	0	24.88	0
5145MtyBay	3	C	9/18/2007	19:48	237.44	36.8		81.44	0	9.6115	0	33.7448	0	25.939	0	128.6	0	44.8	0	24.4	0
5145MtyBay	3	C	9/18/2007	19:48	237.44	36.8		76.28	0	9.6718	0	33.7445	0	25.928	0	127.4	0	44.4	0	24.42	0
5145MtyBay	3	C	9/18/2007	19:48	237.44	36.8		71.76	0	9.7451	0	33.7316	0	25.905	0	128	0	44.7	0	24.06	0
5145MtyBay	3	C	9/18/2007	19:48	237.44	36.8		66.38	0	9.8705	0	33.7071	0	25.864	0	129.2	0	45.3	0	23.98	0
5145MtyBay	3	C	9/18/2007	19:48	237.44	36.8		61.71	0	9.9684	0	33.6814	0	25.826	0	133.6	0	46.9	0	23.19	0
5145MtyBay	3	C	9/18/2007	19:48	237.44	36.8		56.79	0	9.7448	0	33.5779	0	25.777	0	141	0	49.2	0	22.86	0
5145MtyBay	3	C	9/18/2007	19:48	237.44	36.8		51.84	0	10.4141	0	33.6295	0	25.706	0	148.9	0	52.7	0	21.55	0
5145MtyBay	3	C	9/18/2007	19:48	237.44	36.8		46.76	0	10.696	0	33.6037	0	25.635	0	153.9	0	54.9	0	21.42	0
5145MtyBay	3	C	9/18/2007	19:48	237.44	36.8		41.61	0	10.8644	0	33.5628	0	25.571	0	162.3	0	58.1	0	20.1	0
5145MtyBay	3	C	9/18/2007	19:48	237.44	36.8		36.86	0	11.0982	0	33.5271	0	25.499	0	174.7	0	62.8	0	19.05	0
5145MtyBay	3	C	9/18/2007	19:48	237.44	36.8		31.81	0	11.2995	0	33.4852	0	25.427	0	185.6	0	66.9	0	17.35	0
5145MtyBay	3	C	9/18/2007	19:48	237.44	36.8		26.7	0	11.6782	0	33.5003	0	25.37	0	191.3	0	69.6	0	16.22	0
5145MtyBay	3	C	9/18/2007	19:48	237.44	36.8		21.9	0	12.0216	0	33.5124	0	25.315	0	199.1	0	73	0	14.98	0
5145MtyBay	3	C	9/18/2007	19:48	237.44	36.8		16.9	0	13.6447	0	33.4412	0	24.935	0	228.7	0	86.7	0	10.33	0
5145MtyBay	3	C	9/18/2007	19:48	237.44	36.8		11.67	0	14.3765	0	33.4009	0	24.748	0	256.4	0	98.6	0	6.95	0
5145MtyBay	3	C	9/18/2007	19:48	237.44	36.8		7.58	0	14.3768	0	33.4011	0	24.748	0	260.5	0	100.2	0	6.95	0
5145MtyBay	3	C	9/18/2007	19:48	237.44	36.8															
5145MtyBay	4	C	9/19/2007	5:41	237.396	36.82		1001.35	0	4.0679	0	34.4255	0	27.271	0	13.8	0	4.3	0	42.79	0
5145MtyBay	4	C	9/19/2007	5:41	237.396	36.82		951.24	0	4.1407	0	34.4123	0	27.252	0	12.4	0	3.8	0	43.08	0
5145MtyBay	4	C	9/19/2007	5:41	237.396	36.82		900.38	0	4.2788	0	34.3911	0	27.22	0	11	0	3.4	0	42.85	0
5145MtyBay	4	C	9/19/2007	5:41	237.396	36.82		850.56	0	4.4218	0	34.3653	0	27.182	0	9.7	0	3	0	42.7	0
5145MtyBay	4	C	9/19/2007	5:41	237.396	36.82		801.15	0	4.6452	0	34.3556	0	27.148	0	9.6	0	3	0	42.12	0
5145MtyBay	4	C	9/19/2007	5:41	237.396	36.82		750.7	0	4.8242	0	34.3303	0	27.106	0	9	0	2.8	0	41.83	0
5145MtyBay	4	C	9/19/2007	5:41	237.396	36.82		700.71	0	4.9408	0	34.305	0	27.071	0	9	0	2.8	0	41.63	0
5145MtyBay	4	C	9/19/2007	5:41	237.396	36.82		651.26	0	5.22	0	34.2951	0	27.029	0	10	0	3.2	0	40.96	0
5145MtyBay	4	C	9/19/2007	5:41	237.396	36.82		601.32	0	5.3285	0	34.2672	0	26.993	0	11.6	0	3.7	0	40.65	0
5145MtyBay	4	C	9/19/2007	5:41	237.396	36.82		551.29	0	5.553	0	34.2326	0	26.936	0	15.3	0	4.9	0	39.75	0
5145MtyBay	4	C	9/19/2007	5:41	237.396	36.82		501.6	0	6.0197	0	34.1973	0	26.847	0	22.2	0	7.1	0	38.41	0
5145MtyBay	4	C	9/19/2007	5:41	237.396	36.82		451.2	0	6.275	0	34.1551	0	26.779	0	30.7	0	9.9	0	37.36	0
5145MtyBay	4	C	9/19/2007	5:41	237.396	36.82		400.66	0	6.4081	0	34.1061	0	26.72	0	41.1	0	13.3	0	36.68	0
5145MtyBay	4	C	9/19/2007	5:41	237.396	36.82		381.62	0	6.5167	0	34.0998	0	26.701	0	43.6	0	14.2	0	36.41	0
5145MtyBay	4	C	9/19/2007	5:41	237.396	36.82		361.57	0	6.7599	0	34.1053	0	26.672	0	46.5	0	15.2	0	35.67	0
5145MtyBay	4	C	9/19/2007	5:41	237.396	36.82		350.77	0	6.9093	0	34.1149	0	26.659	0	47.3	0	15.5	0	35.48	0
5145MtyBay	4	C	9/19/2007	5:41	237.396	36.82		340.81	0	7.0569	0	34.1179	0	26.641	0	48.1	0	15.9	0	34.8	0
5145MtyBay	4	C	9/19/2007	5:41	237.396	36.82		330.68	0	7.2702	0	34.1242	0	26.616	0	48.8	0	16.2	0	34.08	0
5145MtyBay	4	C	9/19/2007	5:41	237.396	36.82		321.63	0	7.1781	0	34.1025	0	26.611	0	50.7	0	16.7	0	34.22	0
5145MtyBay	4	C	9/19/2007	5:41	237.396	36.82		311.47	0	7.2612	0	34.0953	0	26.593	0	55.1	0	18.2	0	33.68	0
5145MtyBay	4	C	9/19/2007	5:41	237.396	36.82		301.54	0	7.7733	0	34.1632	0	26.575	0	50.5	0	16.9	0	32.85	0
5145MtyBay	4	C	9/19/2007	5:41	237.396	36.82		291.51	0	7.9812	0	34.1933	0	26.569	0	45.7	0	15.4	0	32.44	0
5145MtyBay	4	C	9/19/2007	5:41	237.396	36.82		281.65	0	8.0198	0	34.19	0	26.56	0	45	0	15.2	0	32.11	0
5145MtyBay	4	C	9/19/2007	5:41	237.396	36.82		271.41	0	8.0626	0	34.1845	0	26.549	0	45.5	0	15.3	0	31.96	0
5145MtyBay	4	C	9/19/2007	5:41	237.396	36.82		261.17	0	8.1537	0	34.1774	0	26.53	0	47.5	0	16	0	31.71	0
5145MtyBay	4	C	9/19/2007	5:41	237.396	36.82		251.41	0	8.2548	0	34.1692	0	26.508	0	48.4	0	16.4	0	31.5	0
5145MtyBay	4	C	9/19/2007	5:41	237.396	36.82		241.08	0	8.3128	0	34.1597	0	26.491	0	48.8	0	16.5	0	31.4	0
5145MtyBay	4	C	9/19/2007	5:41	237.396	36.82		231.69	0	8.3979	0	34.1492	0	26.469	0	49.7	0	16.9	0	31.4	0
5145MtyBay	4	C	9/19/2007	5:41	237.396	36.82		221.5	0	8.4435	0	34.1461	0	26.46	0	52.4	0	17.8	0	31.09	0
5145MtyBay	4	C	9/19/2007	5:41	237.396	36.82		210.57	0	8.507	0	34.133	0	26.439	0	53.3	0	18.2	0	31.17	0
5145MtyBay	4	C	9/19/2007	5:41	237.396	36.82		200.64	0	8.548	0	34.1259	0	26.427	0	54.4	0	18.5	0	31.03	0
5145MtyBay	4	C	9/19/2007	5:41	237.396	36.82		190.82	0	8.5946	0	34.1105	0	26.407	0	57.1	0	19.5	0	30.61	0
5145MtyBay	4	C	9/19/2007	5:41	237.396	36.82		181.17	0	8.6469	0	34.107	0	26.396	0	58.7	0	20.1	0	30.63	0
5145MtyBay	4	C	9/19/2007	5:41	237.396	36.82		170.7	0	8.6046	0	34.0687	0	26.37	0	64.7	0	22.1	0	29.76	0
5145MtyBay	4	C	9/19/2007	5:41	237.396	36.82		160.65	0	8.8346	0	34.069	0	26.334	0	68.3	0	23.4	0	29.75	0
5145MtyBay	4	C	9/19/2007	5:41	237.396	36.82		150.69	0	8.9467	0	34.0616	0	26.311	0	66.8	0	23	0	29.16	0
5145MtyBay	4	C	9/19/2007	5:41	237.396	36.82		141.69	0	8.9963	0	34.0576	0	26.299	0	68.5	0	23.6	0	29.02	0
5145MtyBay	4	C	9/19/2007	5:41	237.396	36.82		130.62	0	8.9562	0	34.0023	0	26.26	0	76.8	0	26.4	0	28.06	0
5145MtyBay	4	C	9/19/2007	5:41	237.396	36.82		121.45	0	8.816	0	33.9268	0	26.219	0	91.6	0	31.4	0	26.47	0
5145MtyBay	4	C	9/19/2007	5:41	237.396	36.82		111.52	0	8.6743	0	33.8186	0	26.151	0	117.7	0	40.2	0	25.05	0
5145MtyBay	4	C	9/19/2007	5:41	237.396	36.82		101.73	0	8.7462	0	33.7668	0	26.097	0	130.3	0	44.5	0	24.41	0
5145MtyBay	4	C	9/19/2007	5:41	237.396	36.82		96.55	0	8.7889	0	33.7507	0	26.077	0	134	0	45.8	0	24.11	0
5145MtyBay	4	C	9/19/2007	5:41	237.396	36.82		91.21	0	8.8747	0	33.7222	0	26.04	0	136.5	0	46.8	0	24.04	0
5145MtyBay	4	C	9/19/2007	5:41	237.396	36.82		86.78	0	8.9653	0	33.7056	0	26.011	0	140.1	0	48.1	0	23.7	0
5145MtyBay	4	C	9/19/2007	5:41	237.396	36.82		81.48	0	9.1597	0	33.6732	0	25.953	0	141.1	0	48.6	0	23.5	0
5145MtyBay	4	C	9/19/2007	5:41	237.396	36.82		76.36	0	9.2603	0	33.6573	0	25.923	0	142.7	0	49.3	0	23.29	0
5145MtyBay	4	C	9/19/2007	5:41	237.396	36.82		71.53	0	9.2416	0	33.6424	0	25.914	0	143.9	0	49.7	0	22.96	0
5145MtyBay	4	C	9/19/2007	5:41	237.396	36.82		66.25	0	9.3315	0	33.6075	0	25.87	0	145.5	0	50.3	0	22.48	0
5145MtyBay	4	C	9/19/2007	5:41	237.396	36.82		61.5	0	9.4693	0	33.6024	0	25.843	0	148	0	51.3	0	22.15	0
5145MtyBay	4	C	9/19/2007	5:41	237.396	36.82		56.58	0	9.7509	0	33.6143	0	25.806	0	148.5	0	51.8	0	22.3	0
5145MtyBay	4	C	9/19/2007	5:41	237.396	36.82		51.58	0	10.1798	0	33.603	0	25.724	0	149.2	0	52.6	0	21.59	0
5145MtyBay	4	C	9/19/2007	5:41	237.396	36.82		46.88	0	10.5037	0	33.5769	0	25.646	0	157.5	0	55.9	0	21.01	0
5145MtyBay	4	C	9/19/2007	5:41	237.396	36.82		41.63	0	11.4879	0	33.6018	0	25.49	0	169.4	0	61.4	0	18.9	0
5145MtyBay	4	C	9/19/2007	5:41	237.396	36.82		36.82	0	11.3658	0	33.5262	0	25.449	0	180.9	0	65.4	0	18.29	0
5145MtyBay	4	C	9/19/2007	5:41	237.396	36.82		31.4	0	11.6513	0	33.4832	0	25.36	0	188.6	0	68.6	0	16.05	0
5145MtyBay	4	C	9/19/2007	5:41	237.396	36.82		26.79	0	12.3729	0	33.5126	0	25.248	0	199.4	0	73.6	0	14.48	0
5145MtyBay	4	C	9/19/2007	5:41	237.396	36.82		21.88	0	13.2392	0	33.3939	0	24.977	0	241.6	0	90.8	0	9.74	0
5145MtyBay	4	C	9/19/2007	5:41	237.396	36.82		16.57	0	13.9658	0	33.3796	0	24.816	0	252.3	0	96.2	0	7.38	0
5145MtyBay	4	C	9/19/2007	5:41	237.396	36.82		11.83	0	14.0506	0	33.3722	0	24.792	0	255.5	0	97.6	0	7.04	0
5145MtyBay	4	C	9/19/2007	5:41	237.396	36.82		7.59	0	14.0741	0	33.3698	0	24.786	0	257.3	0	98.3	0	6.82	0
5145MtyBay	4	C	9/19/2007	5:41	237.396	36.82															
5145MtyBay	5	C	9/19/2007	15:48	237.351	36.851		1001.54	0	4.0269	0	34.4323	0	27.282	0	14.3	0	4.4	0	43.03	0
5145MtyBay	5	C	9/19/2007	15:48	237.351	36.851		951.51	0	4.155	0	34.4154	0	27.253	0	12.4	0	3.8	0	42.82	0
5145MtyBay	5	C	9/19/2007	15:48	237.351	36.851		901.07	0	4.2929	0	34.3889	0	27.216	0	10.6	0	3.3	0	42.78	0
5145MtyBay	5	C	9/19/2007	15:48	237.351	36.851		851.6	0	4.4319	0	34.3695	0	27.184	0	9.7	0	3	0	42.51	0
5145MtyBay	5	C	9/19/2007	15:48	237.351	36.851		801.14	0	4.5541	0	34.347	0	27.152	0	9.2	0	2.9	0	42.46	0
5145MtyBay	5	C	9/19/2007	15:48	237.351	36.851		751.55	0	4.7128	0	34.3245	0	27.115	0	8.7	0	2.7	0	42.13	0
5145MtyBay	5	C	9/19/2007	15:48	237.351	36.851		700.93	0	4.9157	0	34.3039	0	27.074	0	9	0	2.8	0	41.75	0
5145MtyBay	5	C	9/19/2007	15:48	237.351	36.851		651.18	0	5.1668	0	34.293	0	27.034	0	10.5	0	3.3	0	40.95	0
5145MtyBay	5	C	9/19/2007	15:48	237.351	36.851		601.12	0	5.374	0	34.2815	0	26.999	0	11.1	0	3.5	0	40.43	0
5145MtyBay	5	C	9/19/2007	15:48	237.351	36.851		550.95	0	5.367	0	34.1928	0	26.927	0	18.2	0	5.8	0	40.38	0
5145MtyBay	5	C	9/19/2007	15:48	237.351	36.851		500.88	0	5.8973	0	34.1917	0	26.859	0	22.3	0	7.2	0	38.63	0
5145MtyBay	5	C	9/19/2007	15:48	237.351	36.851		450.8	0	6.2328	0	34.1597	0	26.788	0	29.8	0	9.6	0	37.5	0
5145MtyBay	5	C	9/19/2007	15:48	237.351	36.851		401.4	0	6.2514	0	34.1088	0	26.744	0	39.2	0	12.7	0	37.49	0
5145MtyBay	5	C	9/19/2007	15:48	237.351	36.851		381.21	0	6.4617	0	34.1054	0	26.713	0	42.1	0	13.7	0	36.59	0
5145MtyBay	5	C	9/19/2007	15:48	237.351	36.851		361.49	0	6.5861	0	34.0981	0	26.69	0	44.6	0	14.5	0	36.34	0
5145MtyBay	5	C	9/19/2007	15:48	237.351	36.851		351.21	0	6.7191	0	34.09	0	26.665	0	47.1	0	15.4	0	35.86	0
5145MtyBay	5	C	9/19/2007	15:48	237.351	36.851		341.16	0	6.8121	0	34.0898	0	26.652	0	49.2	0	16.1	0	35.4	0
5145MtyBay	5	C	9/19/2007	15:48	237.351	36.851		331.32	0	6.9825	0	34.103	0	26.639	0	50	0	16.4	0	35.03	0
5145MtyBay	5	C	9/19/2007	15:48	237.351	36.851		321.07	0	7.1537	0	34.1164	0	26.626	0	50.2	0	16.6	0	34.54	0
5145MtyBay	5	C	9/19/2007	15:48	237.351	36.851		311.28	0	7.0379	0	34.0691	0	26.603	0	55.6	0	18.3	0	34.16	0
5145MtyBay	5	C	9/19/2007	15:48	237.351	36.851		301.11	0	7.7885	0	34.1845	0	26.59	0	49.9	0	16.7	0	32.82	0
5145MtyBay	5	C	9/19/2007	15:48	237.351	36.851		291.71	0	7.9111	0	34.1903	0	26.577	0	43.6	0	14.7	0	32.64	0
5145MtyBay	5	C	9/19/2007	15:48	237.351	36.851		281.49	0	7.985	0	34.1802	0	26.558	0	44	0	14.8	0	32.6	0
5145MtyBay	5	C	9/19/2007	15:48	237.351	36.851		271.49	0	8.0235	0	34.1788	0	26.551	0	45	0	15.2	0	32.45	0
5145MtyBay	5	C	9/19/2007	15:48	237.351	36.851		261.24	0	8.09	0	34.1734	0	26.536	0	46	0	15.5	0	32.06	0
5145MtyBay	5	C	9/19/2007	15:48	237.351	36.851		251.1	0	8.1536	0	34.1686	0	26.523	0	48	0	16.2	0	31.93	0
5145MtyBay	5	C	9/19/2007	15:48	237.351	36.851		241.58	0	8.2473	0	34.163	0	26.504	0	48.9	0	16.6	0	31.6	0
5145MtyBay	5	C	9/19/2007	15:48	237.351	36.851		231.23	0	8.3591	0	34.1587	0	26.483	0	50.3	0	17.1	0	31.33	0
5145MtyBay	5	C	9/19/2007	15:48	237.351	36.851		221.54	0	8.3084	0	34.1434	0	26.478	0	52.7	0	17.9	0	31.61	0
5145MtyBay	5	C	9/19/2007	15:48	237.351	36.851		211.53	0	8.4475	0	34.1389	0	26.453	0	53.5	0	18.2	0	31.23	0
5145MtyBay	5	C	9/19/2007	15:48	237.351	36.851		201.06	0	8.5418	0	34.1341	0	26.434	0	55	0	18.7	0	30.86	0
5145MtyBay	5	C	9/19/2007	15:48	237.351	36.851		191.49	0	8.5758	0	34.1242	0	26.421	0	55.4	0	18.9	0	30.95	0
5145MtyBay	5	C	9/19/2007	15:48	237.351	36.851		178.85	0	8.6921	0	34.1117	0	26.392	0	57.4	0	19.6	0	30.19	0
5145MtyBay	5	C	9/19/2007	15:48	237.351	36.851		170.52	0	8.5987	0	34.0699	0	26.372	0	65.3	0	22.3	0	29.42	0
5145MtyBay	5	C	9/19/2007	15:48	237.351	36.851		160.87	0	8.7913	0	34.0713	0	26.343	0	69.7	0	23.9	0	29.41	0
5145MtyBay	5	C	9/19/2007	15:48	237.351	36.851		151.47	0	8.9312	0	34.0685	0	26.319	0	68	0	23.4	0	29.23	0
5145MtyBay	5	C	9/19/2007	15:48	237.351	36.851		141.53	0	8.9893	0	34.0614	0	26.304	0	68.5	0	23.6	0	28.92	0
5145MtyBay	5	C	9/19/2007	15:48	237.351	36.851		130.79	0	9.0822	0	34.0427	0	26.273	0	71.3	0	24.6	0	28.69	0
5145MtyBay	5	C	9/19/2007	15:48	237.351	36.851		121.67	0	9.1882	0	34.0145	0	26.233	0	75.4	0	26.1	0	27.82	0
5145MtyBay	5	C	9/19/2007	15:48	237.351	36.851		111.6	0	9.3446	0	33.9794	0	26.178	0	82.7	0	28.7	0	26.95	0
5145MtyBay	5	C	9/19/2007	15:48	237.351	36.851		101.21	0	9.4871	0	33.9429	0	26.124	0	89.1	0	31	0	26.51	0
5145MtyBay	5	C	9/19/2007	15:48	237.351	36.851		96.04	0	9.5504	0	33.8948	0	26.074	0	95.4	0	33.2	0	25.88	0
5145MtyBay	5	C	9/19/2007	15:48	237.351	36.851		91.51	0	9.718	0	33.8906	0	26.042	0	100	0	34.9	0	25.75	0
5145MtyBay	5	C	9/19/2007	15:48	237.351	36.851		86.71	0	9.9093	0	33.8667	0	25.99	0	103.8	0	36.4	0	25.32	0
5145MtyBay	5	C	9/19/2007	15:48	237.351	36.851		81.66	0	9.9783	0	33.8605	0	25.973	0	109.1	0	38.3	0	24.96	0
5145MtyBay	5	C	9/19/2007	15:48	237.351	36.851		76.71	0	10.0694	0	33.834	0	25.936	0	116.3	0	40.9	0	24.24	0
5145MtyBay	5	C	9/19/2007	15:48	237.351	36.851		71.32	0	10.2262	0	33.8144	0	25.893	0	122.7	0	43.3	0	23.85	0
5145MtyBay	5	C	9/19/2007	15:48	237.351	36.851		66.46	0	10.3433	0	33.803	0	25.863	0	127.6	0	45.2	0	23.49	0
5145MtyBay	5	C	9/19/2007	15:48	237.351	36.851		61.71	0	10.5447	0	33.7622	0	25.794	0	133.4	0	47.4	0	22.93	0
5145MtyBay	5	C	9/19/2007	15:48	237.351	36.851		56.55	0	10.6149	0	33.7508	0	25.772	0	141.1	0	50.3	0	22.26	0
5145MtyBay	5	C	9/19/2007	15:48	237.351	36.851		51.78	0	10.7208	0	33.7346	0	25.74	0	145.9	0	52.1	0	21.7	0
5145MtyBay	5	C	9/19/2007	15:48	237.351	36.851		46.8	0	11.1332	0	33.6637	0	25.607	0	155.8	0	56.1	0	19.55	0
5145MtyBay	5	C	9/19/2007	15:48	237.351	36.851		41.54	0	11.3458	0	33.5478	0	25.471	0	183.7	0	66.4	0	17.6	0
5145MtyBay	5	C	9/19/2007	15:48	237.351	36.851		36.53	0	11.8886	0	33.4921	0	25.323	0	191.2	0	69.9	0	15.38	0
5145MtyBay	5	C	9/19/2007	15:48	237.351	36.851		31.71	0	13.1833	0	33.4146	0	25.006	0	205.6	0	77.2	0	11.43	0
5145MtyBay	5	C	9/19/2007	15:48	237.351	36.851		26.59	0	13.8214	0	33.3987	0	24.863	0	255.7	0	97.2	0	6.1	0
5145MtyBay	5	C	9/19/2007	15:48	237.351	36.851		21.81	0	13.8297	0	33.3994	0	24.861	0	259.7	0	98.8	0	6.12	0
5145MtyBay	5	C	9/19/2007	15:48	237.351	36.851		16.43	0	13.8268	0	33.3994	0	24.862	0	259.7	0	98.8	0	6.05	0
5145MtyBay	5	C	9/19/2007	15:48	237.351	36.851		11.37	0	13.8303	0	33.3994	0	24.861	0	261.7	0	99.5	0	6.12	0
5145MtyBay	5	C	9/19/2007	15:48	237.351	36.851		7.55	0	13.826	0	33.3991	0	24.862	0	261.8	0	99.6	0	6	0
5145MtyBay	5	C	9/19/2007	15:48	237.351	36.851															
5145MtyBay	6	C	9/20/2007	1:44	237.302	36.879		1001.3	0	3.9975	0	34.4356	0	27.288	0	14.8	0	4.5	0	42.93	0
5145MtyBay	6	C	9/20/2007	1:44	237.302	36.879		948.24	0	4.1693	0	34.4125	0	27.249	0	12.4	0	3.8	0	42.83	0
5145MtyBay	6	C	9/20/2007	1:44	237.302	36.879		901.09	0	4.2539	0	34.3981	0	27.228	0	11.1	0	3.4	0	42.85	0
5145MtyBay	6	C	9/20/2007	1:44	237.302	36.879		851.48	0	4.3852	0	34.3764	0	27.195	0	10.1	0	3.1	0	42.63	0
5145MtyBay	6	C	9/20/2007	1:44	237.302	36.879		800.83	0	4.5442	0	34.3492	0	27.155	0	9.2	0	2.9	0	42.48	0
5145MtyBay	6	C	9/20/2007	1:44	237.302	36.879		751.47	0	4.6991	0	34.3263	0	27.118	0	8.7	0	2.7	0	42.21	0
5145MtyBay	6	C	9/20/2007	1:44	237.302	36.879		701.29	0	4.8884	0	34.3073	0	27.08	0	9	0	2.8	0	41.8	0
5145MtyBay	6	C	9/20/2007	1:44	237.302	36.879		651.34	0	5.1789	0	34.2824	0	27.024	0	11.3	0	3.6	0	40.96	0
5145MtyBay	6	C	9/20/2007	1:44	237.302	36.879		601.73	0	5.3312	0	34.2518	0	26.98	0	12.4	0	3.9	0	40.38	0
5145MtyBay	6	C	9/20/2007	1:44	237.302	36.879		551.07	0	5.3461	0	34.1837	0	26.922	0	19.6	0	6.2	0	40.49	0
5145MtyBay	6	C	9/20/2007	1:44	237.302	36.879		501.26	0	5.8638	0	34.1747	0	26.849	0	23.8	0	7.6	0	38.85	0
5145MtyBay	6	C	9/20/2007	1:44	237.302	36.879		451.31	0	6.3804	0	34.1761	0	26.782	0	29.1	0	9.4	0	37.16	0
5145MtyBay	6	C	9/20/2007	1:44	237.302	36.879		401.13	0	6.4561	0	34.1051	0	26.713	0	42.1	0	13.7	0	36.58	0
5145MtyBay	6	C	9/20/2007	1:44	237.302	36.879		380.7	0	6.6798	0	34.1087	0	26.686	0	44.4	0	14.5	0	35.95	0
5145MtyBay	6	C	9/20/2007	1:44	237.302	36.879		360.89	0	6.99	0	34.1211	0	26.653	0	46.6	0	15.3	0	34.93	0
5145MtyBay	6	C	9/20/2007	1:44	237.302	36.879		351.45	0	7.0633	0	34.1193	0	26.641	0	47	0	15.5	0	34.93	0
5145MtyBay	6	C	9/20/2007	1:44	237.302	36.879		340.79	0	7.0491	0	34.0895	0	26.618	0	50.4	0	16.6	0	34.62	0
5145MtyBay	6	C	9/20/2007	1:44	237.302	36.879		331.44	0	6.9948	0	34.0632	0	26.604	0	56.9	0	18.7	0	34.46	0
5145MtyBay	6	C	9/20/2007	1:44	237.302	36.879		320.83	0	7.3151	0	34.0969	0	26.587	0	59.1	0	19.6	0	33.7	0
5145MtyBay	6	C	9/20/2007	1:44	237.302	36.879		311.17	0	7.7748	0	34.1695	0	26.58	0	50.5	0	16.9	0	32.83	0
5145MtyBay	6	C	9/20/2007	1:44	237.302	36.879		301.59	0	7.9675	0	34.1928	0	26.571	0	46.2	0	15.6	0	32.59	0
5145MtyBay	6	C	9/20/2007	1:44	237.302	36.879		291	0	7.9869	0	34.1923	0	26.567	0	44.6	0	15	0	32.35	0
5145MtyBay	6	C	9/20/2007	1:44	237.302	36.879		280.79	0	8.0131	0	34.1892	0	26.561	0	44	0	14.8	0	32.41	0
5145MtyBay	6	C	9/20/2007	1:44	237.302	36.879		270.76	0	8.0558	0	34.1869	0	26.552	0	45	0	15.2	0	32.08	0
5145MtyBay	6	C	9/20/2007	1:44	237.302	36.879		260.82	0	8.0829	0	34.1856	0	26.547	0	45.5	0	15.3	0	32.02	0
5145MtyBay	6	C	9/20/2007	1:44	237.302	36.879		251.01	0	8.1478	0	34.1761	0	26.53	0	46.9	0	15.9	0	31.77	0
5145MtyBay	6	C	9/20/2007	1:44	237.302	36.879		241.49	0	8.1327	0	34.17	0	26.527	0	47.5	0	16.1	0	31.99	0
5145MtyBay	6	C	9/20/2007	1:44	237.302	36.879		231.11	0	8.279	0	34.1673	0	26.502	0	48.9	0	16.6	0	31.52	0
5145MtyBay	6	C	9/20/2007	1:44	237.302	36.879		221.09	0	8.4112	0	34.1508	0	26.468	0	51.3	0	17.4	0	31.12	0
5145MtyBay	6	C	9/20/2007	1:44	237.302	36.879		211.3	0	8.4899	0	34.1464	0	26.453	0	53.4	0	18.2	0	30.98	0
5145MtyBay	6	C	9/20/2007	1:44	237.302	36.879		200.76	0	8.5533	0	34.1341	0	26.433	0	54.9	0	18.7	0	30.81	0
5145MtyBay	6	C	9/20/2007	1:44	237.302	36.879		191.4	0	8.6663	0	34.1292	0	26.411	0	55.8	0	19.1	0	30.49	0
5145MtyBay	6	C	9/20/2007	1:44	237.302	36.879		180.67	0	8.7189	0	34.1105	0	26.387	0	57.4	0	19.6	0	30.62	0
5145MtyBay	6	C	9/20/2007	1:44	237.302	36.879		170.51	0	8.7746	0	34.1017	0	26.371	0	59	0	20.2	0	30.09	0
5145MtyBay	6	C	9/20/2007	1:44	237.302	36.879		161.06	0	8.828	0	34.092	0	26.355	0	60	0	20.6	0	30.13	0
5145MtyBay	6	C	9/20/2007	1:44	237.302	36.879		150.63	0	8.8134	0	34.0766	0	26.344	0	63.5	0	21.8	0	29.51	0
5145MtyBay	6	C	9/20/2007	1:44	237.302	36.879		141.13	0	8.8937	0	34.0798	0	26.334	0	66.3	0	22.8	0	29.44	0
5145MtyBay	6	C	9/20/2007	1:44	237.302	36.879		130.96	0	9.0009	0	34.0556	0	26.297	0	68.4	0	23.6	0	28.9	0
5145MtyBay	6	C	9/20/2007	1:44	237.302	36.879		120.81	0	9.1139	0	34.0333	0	26.26	0	71.8	0	24.8	0	28.55	0
5145MtyBay	6	C	9/20/2007	1:44	237.302	36.879		111.21	0	9.3325	0	33.9856	0	26.185	0	76.2	0	26.4	0	27.58	0
5145MtyBay	6	C	9/20/2007	1:44	237.302	36.879		101.41	0	9.5528	0	33.8914	0	26.07	0	91	0	31.7	0	26.33	0
5145MtyBay	6	C	9/20/2007	1:44	237.302	36.879		96.56	0	9.811	0	33.8874	0	26.024	0	100.3	0	35.1	0	25.58	0
5145MtyBay	6	C	9/20/2007	1:44	237.302	36.879		91.62	0	9.9181	0	33.8728	0	25.994	0	103.8	0	36.4	0	25.27	0
5145MtyBay	6	C	9/20/2007	1:44	237.302	36.879		86.73	0	10.0572	0	33.85	0	25.951	0	110.4	0	38.9	0	24.73	0
5145MtyBay	6	C	9/20/2007	1:44	237.302	36.879		81.59	0	10.1719	0	33.8205	0	25.907	0	120.2	0	42.4	0	24.06	0
5145MtyBay	6	C	9/20/2007	1:44	237.302	36.879		76.64	0	10.3318	0	33.8059	0	25.867	0	124.9	0	44.2	0	23.72	0
5145MtyBay	6	C	9/20/2007	1:44	237.302	36.879		71.76	0	10.2979	0	33.7935	0	25.863	0	129.8	0	45.9	0	23.57	0
5145MtyBay	6	C	9/20/2007	1:44	237.302	36.879		66.67	0	9.7727	0	33.6366	0	25.821	0	136.7	0	47.8	0	22.53	0
5145MtyBay	6	C	9/20/2007	1:44	237.302	36.879		61.36	0	10.7397	0	33.7212	0	25.725	0	150.2	0	53.6	0	21.38	0
5145MtyBay	6	C	9/20/2007	1:44	237.302	36.879		56.62	0	11.2346	0	33.6328	0	25.562	0	157.5	0	56.8	0	19.65	0
5145MtyBay	6	C	9/20/2007	1:44	237.302	36.879		51.55	0	11.3616	0	33.6172	0	25.526	0	171.5	0	62	0	18.12	0
5145MtyBay	6	C	9/20/2007	1:44	237.302	36.879		46.5	0	11.4411	0	33.6204	0	25.514	0	180.2	0	65.3	0	17.5	0
5145MtyBay	6	C	9/20/2007	1:44	237.302	36.879		41.76	0	11.4499	0	33.622	0	25.514	0	185.7	0	67.3	0	17.44	0
5145MtyBay	6	C	9/20/2007	1:44	237.302	36.879		36.41	0	11.5378	0	33.6017	0	25.481	0	189.3	0	68.7	0	16.97	0
5145MtyBay	6	C	9/20/2007	1:44	237.302	36.879		31.53	0	12.3286	0	33.4938	0	25.241	0	193.7	0	71.4	0	13.85	0
5145MtyBay	6	C	9/20/2007	1:44	237.302	36.879		26.7	0	13.1744	0	33.3988	0	24.995	0	231.1	0	86.7	0	9.74	0
5145MtyBay	6	C	9/20/2007	1:44	237.302	36.879		21.8	0	13.9345	0	33.3959	0	24.837	0	248.6	0	94.8	0	6.73	0
5145MtyBay	6	C	9/20/2007	1:44	237.302	36.879		16.74	0	14.2087	0	33.398	0	24.781	0	258	0	98.9	0	5.6	0
5145MtyBay	6	C	9/20/2007	1:44	237.302	36.879		11.48	0	14.3548	0	33.3962	0	24.749	0	262.8	0	101	0	5.51	0
5145MtyBay	6	C	9/20/2007	1:44	237.302	36.879		7.75	0	14.3592	0	33.3959	0	24.747	0	264.8	0	101.8	0	5.71	0
5145MtyBay	6	C	9/20/2007	1:44	237.302	36.879															
5145MtyBay	7	C	9/20/2007	14:19	237.235	36.911		1001.63	0	3.9847	0	34.4344	0	27.288	0	14.8	0	4.5	0	43.13	0
5145MtyBay	7	C	9/20/2007	14:19	237.235	36.911		950.92	0	4.1248	0	34.421	0	27.261	0	12.9	0	4	0	43.01	0
5145MtyBay	7	C	9/20/2007	14:19	237.235	36.911		901.65	0	4.2415	0	34.4074	0	27.237	0	11.5	0	3.5	0	43.02	0
5145MtyBay	7	C	9/20/2007	14:19	237.235	36.911		850.98	0	4.3817	0	34.378	0	27.197	0	10.1	0	3.1	0	42.94	0
5145MtyBay	7	C	9/20/2007	14:19	237.235	36.911		801.41	0	4.5406	0	34.354	0	27.159	0	9.2	0	2.9	0	42.58	0
5145MtyBay	7	C	9/20/2007	14:19	237.235	36.911		751.2	0	4.8133	0	34.3323	0	27.109	0	8.6	0	2.7	0	42.24	0
5145MtyBay	7	C	9/20/2007	14:19	237.235	36.911		700.65	0	4.927	0	34.2977	0	27.067	0	9.4	0	2.9	0	41.89	0
5145MtyBay	7	C	9/20/2007	14:19	237.235	36.911		651.24	0	5.1938	0	34.2817	0	27.022	0	11.3	0	3.6	0	40.82	0
5145MtyBay	7	C	9/20/2007	14:19	237.235	36.911		601.6	0	5.4113	0	34.2632	0	26.979	0	12.8	0	4.1	0	40.44	0
5145MtyBay	7	C	9/20/2007	14:19	237.235	36.911		551.62	0	5.5557	0	34.2199	0	26.926	0	15.7	0	5	0	39.9	0
5145MtyBay	7	C	9/20/2007	14:19	237.235	36.911		501.62	0	5.7401	0	34.166	0	26.858	0	24	0	7.7	0	39.17	0
5145MtyBay	7	C	9/20/2007	14:19	237.235	36.911		451.05	0	6.3289	0	34.173	0	26.786	0	29.6	0	9.6	0	37.46	0
5145MtyBay	7	C	9/20/2007	14:19	237.235	36.911		401.4	0	6.2133	0	34.1119	0	26.751	0	37.6	0	12.2	0	37.62	0
5145MtyBay	7	C	9/20/2007	14:19	237.235	36.911		380.52	0	6.4059	0	34.1027	0	26.718	0	41.6	0	13.5	0	36.93	0
5145MtyBay	7	C	9/20/2007	14:19	237.235	36.911		361.09	0	6.5182	0	34.0971	0	26.698	0	44.8	0	14.6	0	36.7	0
5145MtyBay	7	C	9/20/2007	14:19	237.235	36.911		350.74	0	6.6361	0	34.0919	0	26.678	0	46.2	0	15.1	0	36.13	0
5145MtyBay	7	C	9/20/2007	14:19	237.235	36.911		341.46	0	6.7734	0	34.0962	0	26.662	0	47.6	0	15.6	0	35.85	0
5145MtyBay	7	C	9/20/2007	14:19	237.235	36.911		331.2	0	6.8697	0	34.0879	0	26.642	0	49.7	0	16.3	0	35.52	0
5145MtyBay	7	C	9/20/2007	14:19	237.235	36.911		320.98	0	6.9523	0	34.087	0	26.63	0	51.8	0	17	0	35.06	0
5145MtyBay	7	C	9/20/2007	14:19	237.235	36.911		311.02	0	7.1412	0	34.1022	0	26.616	0	52.5	0	17.3	0	34.53	0
5145MtyBay	7	C	9/20/2007	14:19	237.235	36.911		301.56	0	7.7745	0	34.184	0	26.592	0	47.2	0	15.8	0	33.12	0
5145MtyBay	7	C	9/20/2007	14:19	237.235	36.911		291.39	0	7.8507	0	34.1941	0	26.589	0	43.2	0	14.5	0	32.97	0
5145MtyBay	7	C	9/20/2007	14:19	237.235	36.911		280.89	0	7.9638	0	34.1922	0	26.571	0	43	0	14.5	0	32.7	0
5145MtyBay	7	C	9/20/2007	14:19	237.235	36.911		270.89	0	8.1213	0	34.1781	0	26.535	0	45.9	0	15.5	0	32.07	0
5145MtyBay	7	C	9/20/2007	14:19	237.235	36.911		261.71	0	8.2056	0	34.1711	0	26.517	0	47.9	0	16.2	0	31.78	0
5145MtyBay	7	C	9/20/2007	14:19	237.235	36.911		251.5	0	8.3051	0	34.1576	0	26.49	0	50.5	0	17.1	0	31.35	0
5145MtyBay	7	C	9/20/2007	14:19	237.235	36.911		241.67	0	8.3855	0	34.1553	0	26.476	0	52.5	0	17.8	0	31.13	0
5145MtyBay	7	C	9/20/2007	14:19	237.235	36.911		231.1	0	8.4953	0	34.1465	0	26.452	0	55.1	0	18.8	0	30.75	0
5145MtyBay	7	C	9/20/2007	14:19	237.235	36.911		221.62	0	8.6106	0	34.1444	0	26.432	0	55.9	0	19.1	0	30.63	0
5145MtyBay	7	C	9/20/2007	14:19	237.235	36.911		211.58	0	8.6591	0	34.1308	0	26.413	0	56.4	0	19.3	0	30.66	0
5145MtyBay	7	C	9/20/2007	14:19	237.235	36.911		198.33	0	8.7089	0	34.1195	0	26.396	0	56.3	0	19.3	0	30.52	0
5145MtyBay	7	C	9/20/2007	14:19	237.235	36.911		190.77	0	8.7287	0	34.1125	0	26.387	0	57.4	0	19.6	0	30.45	0
5145MtyBay	7	C	9/20/2007	14:19	237.235	36.911		181.48	0	8.752	0	34.109	0	26.381	0	58.4	0	20	0	30.32	0
5145MtyBay	7	C	9/20/2007	14:19	237.235	36.911		171.34	0	8.8094	0	34.101	0	26.365	0	60.6	0	20.8	0	29.87	0
5145MtyBay	7	C	9/20/2007	14:19	237.235	36.911		161.69	0	8.9192	0	34.0868	0	26.336	0	63.3	0	21.7	0	29.56	0
5145MtyBay	7	C	9/20/2007	14:19	237.235	36.911		151.51	0	8.9647	0	34.0743	0	26.318	0	65.5	0	22.5	0	29.28	0
5145MtyBay	7	C	9/20/2007	14:19	237.235	36.911		140.77	0	9.0665	0	34.0398	0	26.273	0	68.9	0	23.7	0	28.9	0
5145MtyBay	7	C	9/20/2007	14:19	237.235	36.911		131.4	0	9.1974	0	34.0136	0	26.23	0	72.8	0	25.2	0	28.32	0
5145MtyBay	7	C	9/20/2007	14:19	237.235	36.911		121.62	0	9.2447	0	34.004	0	26.215	0	76.5	0	26.5	0	28.2	0
5145MtyBay	7	C	9/20/2007	14:19	237.235	36.911		111.26	0	9.3347	0	33.984	0	26.183	0	79.5	0	27.5	0	27.87	0
5145MtyBay	7	C	9/20/2007	14:19	237.235	36.911		101.05	0	9.6445	0	33.9337	0	26.09	0	87.2	0	30.4	0	27.22	0
5145MtyBay	7	C	9/20/2007	14:19	237.235	36.911		96.26	0	9.6944	0	33.9265	0	26.076	0	87.7	0	30.6	0	27.57	0
5145MtyBay	7	C	9/20/2007	14:19	237.235	36.911		91.6	0	9.7362	0	33.9126	0	26.058	0	89.6	0	31.3	0	27.02	0
5145MtyBay	7	C	9/20/2007	14:19	237.235	36.911		86.48	0	9.7853	0	33.896	0	26.036	0	94.5	0	33.1	0	25.97	0
5145MtyBay	7	C	9/20/2007	14:19	237.235	36.911		81.56	0	9.9007	0	33.8739	0	25.998	0	100	0	35.1	0	25.67	0
5145MtyBay	7	C	9/20/2007	14:19	237.235	36.911		76.58	0	10.0022	0	33.8549	0	25.965	0	106.6	0	37.5	0	25.24	0
5145MtyBay	7	C	9/20/2007	14:19	237.235	36.911		71.71	0	10.0661	0	33.8378	0	25.94	0	112.9	0	39.7	0	24.6	0
5145MtyBay	7	C	9/20/2007	14:19	237.235	36.911		66.28	0	10.0585	0	33.8246	0	25.93	0	119	0	41.9	0	24.75	0
5145MtyBay	7	C	9/20/2007	14:19	237.235	36.911		61.63	0	10.2341	0	33.8192	0	25.895	0	121.7	0	43	0	24.1	0
5145MtyBay	7	C	9/20/2007	14:19	237.235	36.911		56.67	0	10.3827	0	33.8028	0	25.856	0	127.4	0	45.2	0	23.66	0
5145MtyBay	7	C	9/20/2007	14:19	237.235	36.911		51.74	0	10.5621	0	33.7441	0	25.776	0	136.3	0	48.5	0	22.34	0
5145MtyBay	7	C	9/20/2007	14:19	237.235	36.911		46.19	0	10.6932	0	33.7303	0	25.741	0	144.9	0	51.7	0	21.78	0
5145MtyBay	7	C	9/20/2007	14:19	237.235	36.911		41.35	0	10.7222	0	33.6226	0	25.646	0	150.4	0	53.6	0	20.35	0
5145MtyBay	7	C	9/20/2007	14:19	237.235	36.911		36.53	0	11.4678	0	33.6102	0	25.501	0	174.7	0	63.3	0	17.54	0
5145MtyBay	7	C	9/20/2007	14:19	237.235	36.911		31.05	0	11.5691	0	33.5931	0	25.468	0	183.5	0	66.6	0	16.7	0
5145MtyBay	7	C	9/20/2007	14:19	237.235	36.911		26.52	0	12.0693	0	33.5254	0	25.317	0	189.8	0	69.6	0	15.01	0
5145MtyBay	7	C	9/20/2007	14:19	237.235	36.911		21.44	0	13.5905	0	33.4069	0	24.917	0	249.9	0	94.6	0	7.14	0
5145MtyBay	7	C	9/20/2007	14:19	237.235	36.911		16.53	0	13.9258	0	33.399	0	24.841	0	252.7	0	96.3	0	6.14	0
5145MtyBay	7	C	9/20/2007	14:19	237.235	36.911		11.76	0	14.0117	0	33.398	0	24.822	0	255.8	0	97.7	0	6.4	0
5145MtyBay	7	C	9/20/2007	14:19	237.235	36.911		7.51	0	14.0269	0	33.3983	0	24.819	0	255.7	0	97.6	0	6.61	0
5145MtyBay	7	C	9/20/2007	14:19	237.235	36.911															
5145MtyBay	8	C	9/21/2007	0:05	237.189	36.941		1001.52	0	4.0851	0	34.4244	0	27.269	0	13.8	0	4.2	0	43.02	0
5145MtyBay	8	C	9/21/2007	0:05	237.189	36.941		950.94	0	4.1821	0	34.4102	0	27.246	0	12.4	0	3.8	0	43	0
5145MtyBay	8	C	9/21/2007	0:05	237.189	36.941		900.92	0	4.2829	0	34.3959	0	27.223	0	11	0	3.4	0	43.03	0
5145MtyBay	8	C	9/21/2007	0:05	237.189	36.941		851.31	0	4.4053	0	34.3751	0	27.192	0	10.1	0	3.1	0	42.86	0
5145MtyBay	8	C	9/21/2007	0:05	237.189	36.941		801.7	0	4.5568	0	34.3497	0	27.154	0	9.2	0	2.9	0	42.66	0
5145MtyBay	8	C	9/21/2007	0:05	237.189	36.941		751.21	0	4.7172	0	34.3327	0	27.121	0	8.7	0	2.7	0	42.29	0
5145MtyBay	8	C	9/21/2007	0:05	237.189	36.941		701.06	0	4.954	0	34.3187	0	27.081	0	8.6	0	2.7	0	41.82	0
5145MtyBay	8	C	9/21/2007	0:05	237.189	36.941		651.6	0	5.1203	0	34.2754	0	27.025	0	10.1	0	3.2	0	41.37	0
5145MtyBay	8	C	9/21/2007	0:05	237.189	36.941		600.7	0	5.3951	0	34.2491	0	26.97	0	13.7	0	4.3	0	40.27	0
5145MtyBay	8	C	9/21/2007	0:05	237.189	36.941		551.17	0	5.62	0	34.244	0	26.937	0	14.4	0	4.6	0	39.82	0
5145MtyBay	8	C	9/21/2007	0:05	237.189	36.941		501.57	0	5.5414	0	34.1705	0	26.887	0	21.8	0	6.9	0	39.77	0
5145MtyBay	8	C	9/21/2007	0:05	237.189	36.941		451.28	0	5.8887	0	34.14	0	26.817	0	29.2	0	9.4	0	38.5	0
5145MtyBay	8	C	9/21/2007	0:05	237.189	36.941		401.72	0	6.3001	0	34.1031	0	26.732	0	38	0	12.3	0	37.4	0
5145MtyBay	8	C	9/21/2007	0:05	237.189	36.941		378.87	0	6.5268	0	34.0891	0	26.69	0	46.4	0	15.1	0	36.2	0
5145MtyBay	8	C	9/21/2007	0:05	237.189	36.941		361.25	0	6.7	0	34.0929	0	26.67	0	47.7	0	15.6	0	35.89	0
5145MtyBay	8	C	9/21/2007	0:05	237.189	36.941		351.07	0	6.8699	0	34.0919	0	26.645	0	49.7	0	16.3	0	35.41	0
5145MtyBay	8	C	9/21/2007	0:05	237.189	36.941		341.52	0	7.1049	0	34.1069	0	26.625	0	50.3	0	16.6	0	34.77	0
5145MtyBay	8	C	9/21/2007	0:05	237.189	36.941		331.02	0	7.2721	0	34.1224	0	26.614	0	51	0	16.9	0	34.13	0
5145MtyBay	8	C	9/21/2007	0:05	237.189	36.941		321.11	0	7.6865	0	34.191	0	26.611	0	46.2	0	15.5	0	33.3	0
5145MtyBay	8	C	9/21/2007	0:05	237.189	36.941		311.4	0	7.8379	0	34.193	0	26.59	0	42.7	0	14.3	0	32.99	0
5145MtyBay	8	C	9/21/2007	0:05	237.189	36.941		301.53	0	7.9005	0	34.1826	0	26.572	0	42.6	0	14.3	0	32.64	0
5145MtyBay	8	C	9/21/2007	0:05	237.189	36.941		290.88	0	7.9512	0	34.1827	0	26.565	0	44.1	0	14.8	0	32.61	0
5145MtyBay	8	C	9/21/2007	0:05	237.189	36.941		281.57	0	7.9828	0	34.174	0	26.553	0	45.1	0	15.2	0	32.62	0
5145MtyBay	8	C	9/21/2007	0:05	237.189	36.941		271.65	0	8.0675	0	34.1765	0	26.542	0	46.6	0	15.7	0	32.13	0
5145MtyBay	8	C	9/21/2007	0:05	237.189	36.941		261.46	0	8.1329	0	34.1697	0	26.527	0	48.6	0	16.4	0	31.98	0
5145MtyBay	8	C	9/21/2007	0:05	237.189	36.941		251.02	0	8.2202	0	34.1695	0	26.513	0	49	0	16.6	0	31.81	0
5145MtyBay	8	C	9/21/2007	0:05	237.189	36.941		241.72	0	8.3258	0	34.1622	0	26.491	0	49.9	0	16.9	0	31.5	0
5145MtyBay	8	C	9/21/2007	0:05	237.189	36.941		230.41	0	8.3642	0	34.1578	0	26.481	0	50.9	0	17.3	0	31.31	0
5145MtyBay	8	C	9/21/2007	0:05	237.189	36.941		220.57	0	8.4386	0	34.1506	0	26.464	0	52.4	0	17.8	0	31.08	0
5145MtyBay	8	C	9/21/2007	0:05	237.189	36.941		211.02	0	8.5381	0	34.1393	0	26.439	0	53.8	0	18.4	0	30.81	0
5145MtyBay	8	C	9/21/2007	0:05	237.189	36.941		201.65	0	8.6146	0	34.1295	0	26.419	0	55.3	0	18.9	0	30.78	0
5145MtyBay	8	C	9/21/2007	0:05	237.189	36.941		191.35	0	8.7214	0	34.1209	0	26.395	0	56.2	0	19.2	0	30.33	0
5145MtyBay	8	C	9/21/2007	0:05	237.189	36.941		181.44	0	8.7655	0	34.1169	0	26.385	0	57.3	0	19.6	0	30.34	0
5145MtyBay	8	C	9/21/2007	0:05	237.189	36.941		171.01	0	8.8227	0	34.1016	0	26.363	0	59.4	0	20.4	0	30.05	0
5145MtyBay	8	C	9/21/2007	0:05	237.189	36.941		160.69	0	8.9456	0	34.049	0	26.3	0	65	0	22.3	0	29.21	0
5145MtyBay	8	C	9/21/2007	0:05	237.189	36.941		150.79	0	9.0493	0	34.044	0	26.279	0	69.5	0	24	0	29.03	0
5145MtyBay	8	C	9/21/2007	0:05	237.189	36.941		141.41	0	9.1302	0	34.0272	0	26.253	0	71.8	0	24.8	0	28.58	0
5145MtyBay	8	C	9/21/2007	0:05	237.189	36.941		131.16	0	9.4368	0	33.96	0	26.147	0	76.6	0	26.6	0	27.26	0
5145MtyBay	8	C	9/21/2007	0:05	237.189	36.941		121.46	0	9.5302	0	33.947	0	26.121	0	84.8	0	29.5	0	27.22	0
5145MtyBay	8	C	9/21/2007	0:05	237.189	36.941		110.97	0	9.6212	0	33.9291	0	26.091	0	87.9	0	30.7	0	27.26	0
5145MtyBay	8	C	9/21/2007	0:05	237.189	36.941		101.74	0	9.6849	0	33.9072	0	26.062	0	94.1	0	32.9	0	26.66	0
5145MtyBay	8	C	9/21/2007	0:05	237.189	36.941		96.07	0	9.8	0	33.8851	0	26.024	0	100.4	0	35.1	0	25.94	0
5145MtyBay	8	C	9/21/2007	0:05	237.189	36.941		91.23	0	9.9297	0	33.871	0	25.99	0	104.5	0	36.7	0	25.77	0
5145MtyBay	8	C	9/21/2007	0:05	237.189	36.941		86.57	0	9.9868	0	33.8591	0	25.971	0	107.5	0	37.8	0	25.21	0
5145MtyBay	8	C	9/21/2007	0:05	237.189	36.941		81.58	0	10.0472	0	33.8489	0	25.952	0	113.8	0	40.1	0	24.8	0
5145MtyBay	8	C	9/21/2007	0:05	237.189	36.941		76.26	0	10.1711	0	33.8384	0	25.922	0	119.3	0	42.1	0	24.34	0
5145MtyBay	8	C	9/21/2007	0:05	237.189	36.941		71.37	0	10.2376	0	33.825	0	25.9	0	123.5	0	43.6	0	24.16	0
5145MtyBay	8	C	9/21/2007	0:05	237.189	36.941		66.31	0	10.3264	0	33.8076	0	25.87	0	125.8	0	44.5	0	23.74	0
5145MtyBay	8	C	9/21/2007	0:05	237.189	36.941		61.76	0	10.3614	0	33.7789	0	25.84	0	130.4	0	46.2	0	23.75	0
5145MtyBay	8	C	9/21/2007	0:05	237.189	36.941		56.32	0	10.324	0	33.7523	0	25.824	0	135.6	0	48	0	23.03	0
5145MtyBay	8	C	9/21/2007	0:05	237.189	36.941		51.83	0	10.1971	0	33.5592	0	25.685	0	144.8	0	51	0	21.67	0
5145MtyBay	8	C	9/21/2007	0:05	237.189	36.941		46.63	0	11.4311	0	33.5814	0	25.483	0	177.6	0	64.3	0	17.47	0
5145MtyBay	8	C	9/21/2007	0:05	237.189	36.941		41.8	0	11.4364	0	33.5697	0	25.473	0	185.9	0	67.3	0	17.3	0
5145MtyBay	8	C	9/21/2007	0:05	237.189	36.941		36.82	0	11.4276	0	33.4761	0	25.396	0	188.9	0	68.3	0	16.89	0
5145MtyBay	8	C	9/21/2007	0:05	237.189	36.941		31.92	0	11.8315	0	33.4156	0	25.27	0	203.8	0	74.3	0	14.15	0
5145MtyBay	8	C	9/21/2007	0:05	237.189	36.941		26.52	0	12.5533	0	33.434	0	25.147	0	224.1	0	83	0	11.34	0
5145MtyBay	8	C	9/21/2007	0:05	237.189	36.941		21.27	0	12.6395	0	33.4275	0	25.125	0	228.6	0	84.9	0	10.66	0
5145MtyBay	8	C	9/21/2007	0:05	237.189	36.941		16.78	0	12.9207	0	33.4269	0	25.069	0	233.3	0	87.1	0	10	0
5145MtyBay	8	C	9/21/2007	0:05	237.189	36.941		11.77	0	13.9379	0	33.403	0	24.842	0	258.6	0	98.6	0	6.28	0
5145MtyBay	8	C	9/21/2007	0:05	237.189	36.941		7.79	0	14.0164	0	33.3976	0	24.821	0	264	0	100.8	0	6.43	0
5145MtyBay	8	C	9/21/2007	0:05	237.189	36.941															
5145MtyBay	9	C	9/21/2007	10:05	237.149	36.961		1001.28	0	4.077	0	34.4284	0	27.273	0	13.8	0	4.2	0	43.1	0
5145MtyBay	9	C	9/21/2007	10:05	237.149	36.961		950.97	0	4.2024	0	34.4135	0	27.247	0	12.4	0	3.8	0	42.98	0
5145MtyBay	9	C	9/21/2007	10:05	237.149	36.961		901.18	0	4.3202	0	34.3933	0	27.217	0	11	0	3.4	0	42.99	0
5145MtyBay	9	C	9/21/2007	10:05	237.149	36.961		850.91	0	4.4865	0	34.3648	0	27.174	0	9.6	0	3	0	42.71	0
5145MtyBay	9	C	9/21/2007	10:05	237.149	36.961		800.78	0	4.5869	0	34.3461	0	27.147	0	9.2	0	2.9	0	42.56	0
5145MtyBay	9	C	9/21/2007	10:05	237.149	36.961		751.49	0	4.8714	0	34.3293	0	27.1	0	8.6	0	2.7	0	41.86	0
5145MtyBay	9	C	9/21/2007	10:05	237.149	36.961		701.43	0	5.0764	0	34.3003	0	27.051	0	8.9	0	2.8	0	41.62	0
5145MtyBay	9	C	9/21/2007	10:05	237.149	36.961		650.81	0	5.2935	0	34.2736	0	27.003	0	12	0	3.8	0	40.84	0
5145MtyBay	9	C	9/21/2007	10:05	237.149	36.961		601.6	0	5.466	0	34.2589	0	26.969	0	13.6	0	4.3	0	40.01	0
5145MtyBay	9	C	9/21/2007	10:05	237.149	36.961		551.23	0	5.6238	0	34.2427	0	26.936	0	15.2	0	4.9	0	39.75	0
5145MtyBay	9	C	9/21/2007	10:05	237.149	36.961		501.42	0	5.7477	0	34.17	0	26.86	0	23.5	0	7.5	0	39.22	0
5145MtyBay	9	C	9/21/2007	10:05	237.149	36.961		451.1	0	6.2662	0	34.1393	0	26.767	0	32.3	0	10.4	0	37.51	0
5145MtyBay	9	C	9/21/2007	10:05	237.149	36.961		401.42	0	6.341	0	34.1018	0	26.726	0	42.3	0	13.7	0	37.04	0
5145MtyBay	9	C	9/21/2007	10:05	237.149	36.961		381.6	0	6.4686	0	34.086	0	26.696	0	46.5	0	15.1	0	36.45	0
5145MtyBay	9	C	9/21/2007	10:05	237.149	36.961		361.43	0	6.7703	0	34.0963	0	26.663	0	48.2	0	15.8	0	35.65	0
5145MtyBay	9	C	9/21/2007	10:05	237.149	36.961		350.77	0	6.9034	0	34.0932	0	26.642	0	49.6	0	16.3	0	35.22	0
5145MtyBay	9	C	9/21/2007	10:05	237.149	36.961		341.35	0	7.5988	0	34.1824	0	26.616	0	47.5	0	15.9	0	33.58	0
5145MtyBay	9	C	9/21/2007	10:05	237.149	36.961		331.51	0	7.7504	0	34.1892	0	26.6	0	42.3	0	14.2	0	33.38	0
5145MtyBay	9	C	9/21/2007	10:05	237.149	36.961		320.97	0	7.8991	0	34.1794	0	26.57	0	43.1	0	14.5	0	32.84	0
5145MtyBay	9	C	9/21/2007	10:05	237.149	36.961		311.56	0	7.9149	0	34.1682	0	26.558	0	45.3	0	15.2	0	32.75	0
5145MtyBay	9	C	9/21/2007	10:05	237.149	36.961		301.42	0	7.957	0	34.1669	0	26.551	0	46.3	0	15.6	0	32.67	0
5145MtyBay	9	C	9/21/2007	10:05	237.149	36.961		291.54	0	8.0557	0	34.1662	0	26.535	0	47.1	0	15.9	0	32.46	0
5145MtyBay	9	C	9/21/2007	10:05	237.149	36.961		281.3	0	8.1605	0	34.1644	0	26.518	0	48	0	16.2	0	32.03	0
5145MtyBay	9	C	9/21/2007	10:05	237.149	36.961		270.82	0	8.2881	0	34.1607	0	26.496	0	49.4	0	16.7	0	31.71	0
5145MtyBay	9	C	9/21/2007	10:05	237.149	36.961		261.56	0	8.3161	0	34.1618	0	26.492	0	49.9	0	16.9	0	31.53	0
5145MtyBay	9	C	9/21/2007	10:05	237.149	36.961		251.4	0	8.3651	0	34.1588	0	26.482	0	50.9	0	17.3	0	31.35	0
5145MtyBay	9	C	9/21/2007	10:05	237.149	36.961		241.43	0	8.5028	0	34.1632	0	26.465	0	52.8	0	18	0	31.01	0
5145MtyBay	9	C	9/21/2007	10:05	237.149	36.961		230.83	0	8.5456	0	34.1476	0	26.445	0	53.3	0	18.2	0	30.8	0
5145MtyBay	9	C	9/21/2007	10:05	237.149	36.961		221.05	0	8.6094	0	34.1377	0	26.427	0	54.8	0	18.7	0	30.56	0
5145MtyBay	9	C	9/21/2007	10:05	237.149	36.961		211.58	0	8.6454	0	34.1323	0	26.417	0	56.4	0	19.3	0	30.49	0
5145MtyBay	9	C	9/21/2007	10:05	237.149	36.961		201.08	0	8.7593	0	34.1052	0	26.376	0	57.9	0	19.8	0	30.19	0
5145MtyBay	9	C	9/21/2007	10:05	237.149	36.961		189.7	0	8.8322	0	34.0937	0	26.355	0	60.6	0	20.8	0	30.15	0
5145MtyBay	9	C	9/21/2007	10:05	237.149	36.961		181.12	0	8.9281	0	34.0728	0	26.323	0	63.2	0	21.7	0	29.66	0
5145MtyBay	9	C	9/21/2007	10:05	237.149	36.961		171.12	0	9.036	0	34.05	0	26.287	0	67.1	0	23.1	0	29.05	0
5145MtyBay	9	C	9/21/2007	10:05	237.149	36.961		160.8	0	9.1557	0	34.025	0	26.247	0	71.1	0	24.6	0	28.28	0
5145MtyBay	9	C	9/21/2007	10:05	237.149	36.961		151.36	0	9.2831	0	33.9969	0	26.203	0	78.3	0	27.1	0	27.78	0
5145MtyBay	9	C	9/21/2007	10:05	237.149	36.961		141.35	0	9.3384	0	33.9861	0	26.185	0	82.1	0	28.5	0	27.65	0
5145MtyBay	9	C	9/21/2007	10:05	237.149	36.961		131.26	0	9.4406	0	33.9648	0	26.15	0	85.8	0	29.8	0	27.28	0
5145MtyBay	9	C	9/21/2007	10:05	237.149	36.961		121.71	0	9.519	0	33.9475	0	26.123	0	89	0	31	0	26.84	0
5145MtyBay	9	C	9/21/2007	10:05	237.149	36.961		111.56	0	9.6495	0	33.9221	0	26.08	0	93.5	0	32.6	0	26.37	0
5145MtyBay	9	C	9/21/2007	10:05	237.149	36.961		101.62	0	9.8117	0	33.8959	0	26.031	0	97.3	0	34.1	0	26.33	0
5145MtyBay	9	C	9/21/2007	10:05	237.149	36.961		96.21	0	9.8622	0	33.8871	0	26.015	0	98.6	0	34.6	0	25.96	0
5145MtyBay	9	C	9/21/2007	10:05	237.149	36.961		90.93	0	9.9075	0	33.8899	0	26.01	0	100.7	0	35.3	0	26.34	0
5145MtyBay	9	C	9/21/2007	10:05	237.149	36.961		86.55	0	10.0258	0	33.8703	0	25.974	0	99.5	0	35	0	25.98	0
5145MtyBay	9	C	9/21/2007	10:05	237.149	36.961		81.71	0	10.0298	0	33.8526	0	25.958	0	101.8	0	35.8	0	25.29	0
5145MtyBay	9	C	9/21/2007	10:05	237.149	36.961		76.17	0	10.0749	0	33.8329	0	25.934	0	110.4	0	38.9	0	24.68	0
5145MtyBay	9	C	9/21/2007	10:05	237.149	36.961		71.58	0	10.1159	0	33.8283	0	25.923	0	115.2	0	40.6	0	24.64	0
5145MtyBay	9	C	9/21/2007	10:05	237.149	36.961		66.36	0	10.1795	0	33.8237	0	25.908	0	121.1	0	42.7	0	24.22	0
5145MtyBay	9	C	9/21/2007	10:05	237.149	36.961		61.62	0	10.2388	0	33.8085	0	25.886	0	124.4	0	44	0	24.01	0
5145MtyBay	9	C	9/21/2007	10:05	237.149	36.961		56.67	0	10.3189	0	33.7425	0	25.817	0	130.7	0	46.2	0	23.15	0
5145MtyBay	9	C	9/21/2007	10:05	237.149	36.961		51.73	0	10.4393	0	33.6228	0	25.696	0	142.3	0	50.4	0	21.28	0
5145MtyBay	9	C	9/21/2007	10:05	237.149	36.961		46.56	0	11.0062	0	33.6001	0	25.576	0	154.3	0	55.4	0	19.77	0
5145MtyBay	9	C	9/21/2007	10:05	237.149	36.961		41.64	0	11.3102	0	33.5849	0	25.508	0	173.2	0	62.5	0	18.36	0
5145MtyBay	9	C	9/21/2007	10:05	237.149	36.961		36.18	0	11.4168	0	33.5941	0	25.497	0	179.1	0	64.8	0	18.76	0
5145MtyBay	9	C	9/21/2007	10:05	237.149	36.961		31.72	0	11.7371	0	33.5452	0	25.396	0	182.3	0	66.4	0	16.79	0
5145MtyBay	9	C	9/21/2007	10:05	237.149	36.961		26.93	0	12.7164	0	33.4024	0	25.089	0	196.8	0	73.2	0	13.36	0
5145MtyBay	9	C	9/21/2007	10:05	237.149	36.961		21.95	0	13.588	0	33.4093	0	24.92	0	242.2	0	91.7	0	7.12	0
5145MtyBay	9	C	9/21/2007	10:05	237.149	36.961		16.48	0	13.7798	0	33.4226	0	24.891	0	254	0	96.5	0	6.55	0
5145MtyBay	9	C	9/21/2007	10:05	237.149	36.961		11.42	0	13.9706	0	33.4286	0	24.857	0	256.2	0	97.7	0	6.42	0
5145MtyBay	9	C	9/21/2007	10:05	237.149	36.961		7.47	0	14.0244	0	33.4278	0	24.845	0	259.8	0	99.2	0	6.21	0
5145MtyBay	9	C	9/21/2007	10:05	237.149	36.961															
5145MtyBay	10	C	9/21/2007	14:21	237.119	37.011		237.89	0	8.2846	0	34.1643	0	26.5788	0	49.9	0	17.4	0	31.23	0
5145MtyBay	10	C	9/21/2007	14:22	237.119	37.011		230.51	0	8.3237	0	34.1622	0	26.5711	0	50.2	0	17.5	0	31.04	0
5145MtyBay	10	C	9/21/2007	14:24	237.119	37.011		221.2	0	8.3799	0	34.1583	0	26.5594	0	51.2	0	17.9	0	30.79	0
5145MtyBay	10	C	9/21/2007	14:25	237.119	37.011		210.89	0	8.5121	0	34.1493	0	26.532	0	51.2	0	17.9	0	30.48	0
5145MtyBay	10	C	9/21/2007	14:26	237.119	37.011		200.54	0	8.574	0	34.1392	0	26.5144	0	53.1	0	18.6	0	30.45	0
5145MtyBay	10	C	9/21/2007	14:28	237.119	37.011		191.62	0	8.6533	0	34.1338	0	26.4978	0	54.9	0	19.3	0	30.23	0
5145MtyBay	10	C	9/21/2007	14:29	237.119	37.011		180.68	0	8.7354	0	34.1224	0	26.4759	0	56.4	0	19.9	0	29.83	0
5145MtyBay	10	C	9/21/2007	14:31	237.119	37.011		171.15	0	8.7831	0	34.1178	0	26.4647	0	57.5	0	20.3	0	29.73	0
5145MtyBay	10	C	9/21/2007	14:32	237.119	37.011		160.74	0	8.8324	0	34.1037	0	26.4458	0	59.8	0	21.1	0	29.66	0
5145MtyBay	10	C	9/21/2007	14:34	237.119	37.011		151.02	0	8.9119	0	34.0764	0	26.4117	0	61.8	0	21.8	0	29.39	0
5145MtyBay	10	C	9/21/2007	14:36	237.119	37.011		140.85	0	8.9582	0	34.0624	0	26.3933	0	64.7	0	22.9	0	29.17	0
5145MtyBay	10	C	9/21/2007	14:37	237.119	37.011		131.44	0	9.1607	0	34.0241	0	26.3309	0	68.3	0	24.3	0	28.47	0
5145MtyBay	10	C	9/21/2007	14:39	237.119	37.011		121.33	0	9.3239	0	33.9901	0	26.2779	0	73.6	0	26.2	0	27.66	0
5145MtyBay	10	C	9/21/2007	14:42	237.119	37.011		111.13	0	9.5138	0	33.9494	0	26.2149	0	83.8	0	30	0	26.64	0
5145MtyBay	10	C	9/21/2007	14:44	237.119	37.011		101.33	0	9.5866	0	33.9345	0	26.1912	0	90.7	0	32.5	0	26.23	0
5145MtyBay	10	C	9/21/2007	14:45	237.119	37.011		96.29	0	9.669	0	33.9189	0	26.1653	0	94.5	0	33.9	0	25.9	0
5145MtyBay	10	C	9/21/2007	14:47	237.119	37.011		91.52	0	9.7088	0	33.9137	0	26.1546	0	97.2	0	34.9	0	25.82	0
5145MtyBay	10	C	9/21/2007	14:48	237.119	37.011		86.65	0	9.7662	0	33.8977	0	26.1324	0	99.5	0	35.8	0	25.71	0
5145MtyBay	10	C	9/21/2007	14:49	237.119	37.011		81.74	0	9.7936	0	33.8933	0	26.1244	0	101.3	0	36.4	0	25.69	0
5145MtyBay	10	C	9/21/2007	14:51	237.119	37.011		76.47	0	9.9596	0	33.8727	0	26.0804	0	104	0	37.5	0	25.09	0
5145MtyBay	10	C	9/21/2007	14:52	237.119	37.011		71.58	0	10.0426	0	33.8571	0	26.0541	0	106	0	38.3	0	25.02	0
5145MtyBay	10	C	9/21/2007	14:54	237.119	37.011		66.64	0	10.0882	0	33.8288	0	26.0242	0	109.9	0	39.8	0	24.62	0
5145MtyBay	10	C	9/21/2007	14:55	237.119	37.011		61.55	0	10.3086	0	33.8073	0	25.9697	0	117.1	0	42.6	0	23.64	0
5145MtyBay	10	C	9/21/2007	14:58	237.119	37.011		56.75	0	10.4456	0	33.7867	0	25.9299	0	125.4	0	45.7	0	23.06	0
5145MtyBay	10	C	9/21/2007	15:04	237.119	37.011		51.48	0	10.6345	0	33.688	0	25.82	0	143.1	0	52.3	0	21.57	0
5145MtyBay	10	C	9/21/2007	15:06	237.119	37.011		46.57	0	10.7769	0	33.6528	0	25.7675	0	153.9	0	56.4	0	20.24	0
5145MtyBay	10	C	9/21/2007	15:08	237.119	37.011		41.42	0	10.8763	0	33.6145	0	25.72	0	157.8	0	58	0	19.85	0
5145MtyBay	10	C	9/21/2007	15:10	237.119	37.011		36.76	0	11.1828	0	33.5919	0	25.6476	0	164.9	0	61	0	18.69	0
5145MtyBay	10	C	9/21/2007	15:15	237.119	37.011		31.88	0	11.9613	0	33.482	0	25.4188	0	181.8	0	68.3	0	15.79	0
5145MtyBay	10	C	9/21/2007	15:27	237.119	37.011		26.67	0	13.954	0	33.4225	0	24.9792	0	247.2	0	96.6	0	5.93	0
5145MtyBay	10	C	9/21/2007	15:29	237.119	37.011		21.49	0	13.9731	0	33.4251	0	24.9771	0	250.4	0	97.9	0	6.22	0
5145MtyBay	10	C	9/21/2007	15:30	237.119	37.011		16.54	0	13.972	0	33.4235	0	24.9759	0	251.6	0	98.4	0	6.25	0
5145MtyBay	10	C	9/21/2007	15:31	237.119	37.011		11.62	0	13.9875	0	33.4249	0	24.9737	0	252.1	0	98.6	0	6.36	0
5145MtyBay	10	C	9/21/2007	15:32	237.119	37.011		7.44	0	14.0021	0	33.4261	0	24.9714	0	252.8	0	98.9	0	6.3	0
5145MtyBay	10	C	9/21/2007	15:32	237.119	37.011															
