//0																					
Cruise	Station	Type	mon/day/yr	hh:mm	Lon [°E]	Lat [°N]	Bot. Depth[m]	Depth[m]	QF	Temperature[°C]	QF	Salinity	QF	Density	QF	Oxygen[µM]	QF	OxygenSat[%]	QF	Nitrate[µM]	QF
6401MtyBay	 1	C	08/03/2009	22:40	237.657	 36.537		   651.14	0	  5.3931	0	34.2964	0	27.009	0	11.1	0	3.5	0	38.89	0
6401MtyBay	 1	C	08/03/2009	22:40	237.657	 36.537		   601.43	0	  5.6792	0	34.2880	0	26.966	0	11.7	0	3.7	0	38.07	0
6401MtyBay	 1	C	08/03/2009	22:40	237.657	 36.537		   549.22	0	  5.8903	0	34.2511	0	26.909	0	13.6	0	4.4	0	37.34	0
6401MtyBay	 1	C	08/03/2009	22:40	237.657	 36.537		   501.61	0	  6.3116	0	34.2148	0	26.823	0	19.3	0	6.2	0	36.20	0
6401MtyBay	 1	C	08/03/2009	22:40	237.657	 36.537		   451.24	0	  6.7648	0	34.2222	0	26.768	0	20.6	0	6.7	0	34.89	0
6401MtyBay	 1	C	08/03/2009	22:40	237.657	 36.537		   401.43	0	  7.1545	0	34.2246	0	26.715	0	22.8	0	7.5	0	34.34	0
6401MtyBay	 1	C	08/03/2009	22:40	237.657	 36.537		   380.87	0	  7.3202	0	34.2186	0	26.687	0	24.9	0	8.3	0	33.77	0
6401MtyBay	 1	C	08/03/2009	22:40	237.657	 36.537		   361.21	0	  7.6089	0	34.2238	0	26.649	0	26.4	0	8.8	0	32.92	0
6401MtyBay	 1	C	08/03/2009	22:40	237.657	 36.537		   351.15	0	  7.6799	0	34.2151	0	26.632	0	28.2	0	9.4	0	32.62	0
6401MtyBay	 1	C	08/03/2009	22:40	237.657	 36.537		   341.63	0	  7.7591	0	34.2083	0	26.614	0	29.5	0	9.9	0	32.34	0
6401MtyBay	 1	C	08/03/2009	22:40	237.657	 36.537		   331.19	0	  7.7878	0	34.2062	0	26.608	0	30.9	0	10.4	0	32.41	0
6401MtyBay	 1	C	08/03/2009	22:40	237.657	 36.537		   321.72	0	  7.8888	0	34.2029	0	26.591	0	32.2	0	10.8	0	31.94	0
6401MtyBay	 1	C	08/03/2009	22:40	237.657	 36.537		   310.86	0	  8.0036	0	34.2050	0	26.575	0	33.5	0	11.3	0	31.72	0
6401MtyBay	 1	C	08/03/2009	22:40	237.657	 36.537		   301.23	0	  8.1465	0	34.2066	0	26.555	0	34.7	0	11.7	0	31.24	0
6401MtyBay	 1	C	08/03/2009	22:40	237.657	 36.537		   291.03	0	  8.2417	0	34.2033	0	26.538	0	37.1	0	12.6	0	30.86	0
6401MtyBay	 1	C	08/03/2009	22:40	237.657	 36.537		   280.93	0	  8.2955	0	34.2048	0	26.531	0	38.0	0	12.9	0	30.66	0
6401MtyBay	 1	C	08/03/2009	22:40	237.657	 36.537		   271.60	0	  8.4132	0	34.1974	0	26.507	0	38.8	0	13.2	0	30.55	0
6401MtyBay	 1	C	08/03/2009	22:40	237.657	 36.537		   261.17	0	  8.4579	0	34.1884	0	26.493	0	40.2	0	13.7	0	30.19	0
6401MtyBay	 1	C	08/03/2009	22:40	237.657	 36.537		   251.54	0	  8.4309	0	34.1562	0	26.47	0	44.9	0	15.3	0	29.97	0
6401MtyBay	 1	C	08/03/2009	22:40	237.657	 36.537		   241.24	0	  8.5128	0	34.1488	0	26.451	0	49.0	0	16.7	0	29.85	0
6401MtyBay	 1	C	08/03/2009	22:40	237.657	 36.537		   231.71	0	  8.6046	0	34.1418	0	26.431	0	51.0	0	17.4	0	29.39	0
6401MtyBay	 1	C	08/03/2009	22:40	237.657	 36.537		   220.10	0	  8.7167	0	34.1316	0	26.405	0	54.0	0	18.5	0	28.85	0
6401MtyBay	 1	C	08/03/2009	22:40	237.657	 36.537		   210.62	0	  8.6646	0	34.0772	0	26.368	0	59.2	0	20.2	0	27.53	0
6401MtyBay	 1	C	08/03/2009	22:40	237.657	 36.537		   201.05	0	  8.8289	0	34.0698	0	26.336	0	73.6	0	25.3	0	27.29	0
6401MtyBay	 1	C	08/03/2009	22:40	237.657	 36.537		   191.31	0	  9.0401	0	34.0936	0	26.322	0	72.4	0	24.9	0	27.40	0
6401MtyBay	 1	C	08/03/2009	22:40	237.657	 36.537		   181.00	0	  9.0940	0	34.0598	0	26.285	0	72.2	0	24.9	0	27.06	0
6401MtyBay	 1	C	08/03/2009	22:40	237.657	 36.537		   170.89	0	  9.2034	0	34.0333	0	26.246	0	76.3	0	26.4	0	26.08	0
6401MtyBay	 1	C	08/03/2009	22:40	237.657	 36.537		   160.89	0	  9.3484	0	33.9977	0	26.193	0	80.3	0	27.9	0	25.72	0
6401MtyBay	 1	C	08/03/2009	22:40	237.657	 36.537		   150.80	0	  9.3987	0	33.9858	0	26.174	0	83.5	0	29.0	0	25.64	0
6401MtyBay	 1	C	08/03/2009	22:40	237.657	 36.537		   141.25	0	  9.4571	0	33.9670	0	26.149	0	85.3	0	29.6	0	25.07	0
6401MtyBay	 1	C	08/03/2009	22:40	237.657	 36.537		   131.05	0	  9.5081	0	33.9520	0	26.128	0	87.8	0	30.6	0	25.47	0
6401MtyBay	 1	C	08/03/2009	22:40	237.657	 36.537		   121.67	0	  9.5430	0	33.9422	0	26.114	0	89.1	0	31.0	0	25.28	0
6401MtyBay	 1	C	08/03/2009	22:40	237.657	 36.537		   111.51	0	  9.6656	0	33.9086	0	26.066	0	90.8	0	31.7	0	24.95	0
6401MtyBay	 1	C	08/03/2009	22:40	237.657	 36.537		   101.77	0	  9.7063	0	33.8854	0	26.04	0	96.3	0	33.7	0	24.76	0
6401MtyBay	 1	C	08/03/2009	22:40	237.657	 36.537		    96.06	0	  9.8342	0	33.8703	0	26.006	0	98.8	0	34.6	0	23.80	0
6401MtyBay	 1	C	08/03/2009	22:40	237.657	 36.537		    91.65	0	  9.8937	0	33.8264	0	25.959	0	103.2	0	36.2	0	23.17	0
6401MtyBay	 1	C	08/03/2009	22:40	237.657	 36.537		    86.52	0	  9.9014	0	33.8199	0	25.953	0	111.1	0	39.0	0	23.03	0
6401MtyBay	 1	C	08/03/2009	22:40	237.657	 36.537		    81.59	0	  9.9355	0	33.7976	0	25.928	0	114.3	0	40.1	0	22.68	0
6401MtyBay	 1	C	08/03/2009	22:40	237.657	 36.537		    76.84	0	  9.9783	0	33.7898	0	25.914	0	117.5	0	41.3	0	22.41	0
6401MtyBay	 1	C	08/03/2009	22:40	237.657	 36.537		    71.47	0	 10.0235	0	33.7448	0	25.869	0	123.5	0	43.4	0	21.64	0
6401MtyBay	 1	C	08/03/2009	22:40	237.657	 36.537																	
6401MtyBay	 2	C	08/04/2009	10:51	237.658	 36.551		  1098.05	0	  3.7877	0	34.4674	0	27.337	0	16.8	0	5.1	0	40.29	0
6401MtyBay	 2	C	08/04/2009	10:51	237.658	 36.551		   999.40	0	  4.1033	0	34.4391	0	27.279	0	13.0	0	4.0	0	40.18	0
6401MtyBay	 2	C	08/04/2009	10:51	237.658	 36.551		   951.13	0	  4.2605	0	34.4118	0	27.239	0	9.9	0	3.1	0	40.49	0
6401MtyBay	 2	C	08/04/2009	10:51	237.658	 36.551		   901.00	0	  4.4474	0	34.4032	0	27.21	0	8.2	0	2.5	0	40.23	0
6401MtyBay	 2	C	08/04/2009	10:51	237.658	 36.551		   851.33	0	  4.6127	0	34.3952	0	27.184	0	7.7	0	2.4	0	39.93	0
6401MtyBay	 2	C	08/04/2009	10:51	237.658	 36.551		   801.46	0	  4.7020	0	34.3661	0	27.15	0	6.9	0	2.2	0	39.77	0
6401MtyBay	 2	C	08/04/2009	10:51	237.658	 36.551		   751.14	0	  4.8713	0	34.3426	0	27.111	0	6.8	0	2.1	0	39.56	0
6401MtyBay	 2	C	08/04/2009	10:51	237.658	 36.551		   701.45	0	  5.2052	0	34.3261	0	27.057	0	7.0	0	2.2	0	38.57	0
6401MtyBay	 2	C	08/04/2009	10:51	237.658	 36.551		   651.06	0	  5.3961	0	34.2955	0	27.008	0	8.0	0	2.5	0	38.21	0
6401MtyBay	 2	C	08/04/2009	10:51	237.658	 36.551		   601.14	0	  5.6891	0	34.2839	0	26.961	0	9.7	0	3.1	0	37.42	0
6401MtyBay	 2	C	08/04/2009	10:51	237.658	 36.551		   551.30	0	  5.8993	0	34.2462	0	26.903	0	13.2	0	4.2	0	36.67	0
6401MtyBay	 2	C	08/04/2009	10:51	237.658	 36.551		   500.90	0	  6.3715	0	34.2115	0	26.812	0	18.8	0	6.1	0	35.42	0
6401MtyBay	 2	C	08/04/2009	10:51	237.658	 36.551		   451.11	0	  6.8999	0	34.2137	0	26.742	0	21.8	0	7.1	0	34.27	0
6401MtyBay	 2	C	08/04/2009	10:51	237.658	 36.551		   401.55	0	  7.3084	0	34.2088	0	26.68	0	25.4	0	8.4	0	33.16	0
6401MtyBay	 2	C	08/04/2009	10:51	237.658	 36.551		   381.56	0	  7.3987	0	34.2053	0	26.664	0	27.2	0	9.0	0	33.11	0
6401MtyBay	 2	C	08/04/2009	10:51	237.658	 36.551		   361.56	0	  7.5930	0	34.2059	0	26.637	0	28.3	0	9.4	0	32.42	0
6401MtyBay	 2	C	08/04/2009	10:51	237.658	 36.551		   351.38	0	  7.6578	0	34.2069	0	26.628	0	28.7	0	9.6	0	32.42	0
6401MtyBay	 2	C	08/04/2009	10:51	237.658	 36.551		   340.63	0	  7.8186	0	34.2027	0	26.601	0	28.9	0	9.7	0	31.82	0
6401MtyBay	 2	C	08/04/2009	10:51	237.658	 36.551		   330.77	0	  7.9740	0	34.2041	0	26.579	0	30.6	0	10.3	0	31.43	0
6401MtyBay	 2	C	08/04/2009	10:51	237.658	 36.551		   320.78	0	  8.2126	0	34.2079	0	26.546	0	33.2	0	11.2	0	30.60	0
6401MtyBay	 2	C	08/04/2009	10:51	237.658	 36.551		   310.91	0	  8.2562	0	34.2076	0	26.539	0	35.5	0	12.0	0	30.50	0
6401MtyBay	 2	C	08/04/2009	10:51	237.658	 36.551		   301.50	0	  8.3506	0	34.2021	0	26.52	0	36.9	0	12.5	0	30.29	0
6401MtyBay	 2	C	08/04/2009	10:51	237.658	 36.551		   291.01	0	  8.4243	0	34.1976	0	26.505	0	38.3	0	13.0	0	30.06	0
6401MtyBay	 2	C	08/04/2009	10:51	237.658	 36.551		   280.94	0	  8.4522	0	34.1841	0	26.49	0	39.7	0	13.5	0	29.85	0
6401MtyBay	 2	C	08/04/2009	10:51	237.658	 36.551		   271.25	0	  8.4659	0	34.1662	0	26.473	0	42.8	0	14.6	0	29.78	0
6401MtyBay	 2	C	08/04/2009	10:51	237.658	 36.551		   261.51	0	  8.4718	0	34.1644	0	26.47	0	44.8	0	15.3	0	29.72	0
6401MtyBay	 2	C	08/04/2009	10:51	237.658	 36.551		   251.05	0	  8.5654	0	34.1522	0	26.446	0	46.2	0	15.8	0	29.29	0
6401MtyBay	 2	C	08/04/2009	10:51	237.658	 36.551		   241.57	0	  8.6046	0	34.1493	0	26.437	0	48.8	0	16.7	0	28.95	0
6401MtyBay	 2	C	08/04/2009	10:51	237.658	 36.551		   231.66	0	  8.7000	0	34.1338	0	26.41	0	52.4	0	17.9	0	28.41	0
6401MtyBay	 2	C	08/04/2009	10:51	237.658	 36.551		   221.15	0	  8.8731	0	34.1200	0	26.371	0	57.0	0	19.6	0	27.72	0
6401MtyBay	 2	C	08/04/2009	10:51	237.658	 36.551		   211.74	0	  8.9445	0	34.1020	0	26.344	0	60.8	0	20.9	0	27.34	0
6401MtyBay	 2	C	08/04/2009	10:51	237.658	 36.551		   201.23	0	  9.0530	0	34.0819	0	26.31	0	66.9	0	23.1	0	26.75	0
6401MtyBay	 2	C	08/04/2009	10:51	237.658	 36.551		   191.44	0	  9.1313	0	34.0493	0	26.271	0	74.6	0	25.8	0	26.37	0
6401MtyBay	 2	C	08/04/2009	10:51	237.658	 36.551		   181.12	0	  9.1862	0	34.0380	0	26.252	0	77.0	0	26.6	0	26.45	0
6401MtyBay	 2	C	08/04/2009	10:51	237.658	 36.551		   170.98	0	  9.2495	0	34.0181	0	26.226	0	76.8	0	26.6	0	26.50	0
6401MtyBay	 2	C	08/04/2009	10:51	237.658	 36.551		   161.67	0	  9.3320	0	33.9866	0	26.186	0	77.8	0	27.0	0	26.03	0
6401MtyBay	 2	C	08/04/2009	10:51	237.658	 36.551		   151.61	0	  9.4348	0	33.9656	0	26.152	0	81.4	0	28.3	0	25.08	0
6401MtyBay	 2	C	08/04/2009	10:51	237.658	 36.551		   141.67	0	  9.5024	0	33.9471	0	26.125	0	85.1	0	29.6	0	24.87	0
6401MtyBay	 2	C	08/04/2009	10:51	237.658	 36.551		   131.55	0	  9.6013	0	33.9099	0	26.078	0	88.9	0	31.0	0	24.54	0
6401MtyBay	 2	C	08/04/2009	10:51	237.658	 36.551		   120.92	0	  9.6078	0	33.9078	0	26.075	0	93.8	0	32.7	0	24.60	0
6401MtyBay	 2	C	08/04/2009	10:51	237.658	 36.551		   111.45	0	  9.6120	0	33.9105	0	26.077	0	95.2	0	33.2	0	25.00	0
6401MtyBay	 2	C	08/04/2009	10:51	237.658	 36.551		   101.22	0	  9.7949	0	33.8771	0	26.018	0	96.7	0	33.9	0	24.21	0
6401MtyBay	 2	C	08/04/2009	10:51	237.658	 36.551		    95.75	0	  9.8560	0	33.8460	0	25.982	0	99.5	0	34.9	0	23.34	0
6401MtyBay	 2	C	08/04/2009	10:51	237.658	 36.551		    91.33	0	  9.8787	0	33.8306	0	25.965	0	103.2	0	36.2	0	23.13	0
6401MtyBay	 2	C	08/04/2009	10:51	237.658	 36.551		    85.90	0	  9.8978	0	33.8234	0	25.956	0	104.7	0	36.7	0	23.24	0
6401MtyBay	 2	C	08/04/2009	10:51	237.658	 36.551		    81.38	0	  9.8687	0	33.7946	0	25.937	0	107.2	0	37.6	0	22.40	0
6401MtyBay	 2	C	08/04/2009	10:51	237.658	 36.551		    75.84	0	  9.8213	0	33.7635	0	25.919	0	116.6	0	40.8	0	22.36	0
6401MtyBay	 2	C	08/04/2009	10:51	237.658	 36.551		    71.69	0	  9.8506	0	33.7201	0	25.878	0	126.3	0	44.2	0	22.19	0
6401MtyBay	 2	C	08/04/2009	10:51	237.658	 36.551		    66.70	0	 10.1198	0	33.7002	0	25.816	0	136.4	0	48.0	0	21.38	0
6401MtyBay	 2	C	08/04/2009	10:51	237.658	 36.551		    61.17	0	 10.2298	0	33.6807	0	25.78	0	140.9	0	49.7	0	21.02	0
6401MtyBay	 2	C	08/04/2009	10:51	237.658	 36.551		    56.25	0	 10.4531	0	33.6385	0	25.706	0	146.0	0	51.8	0	19.23	0
6401MtyBay	 2	C	08/04/2009	10:51	237.658	 36.551		    51.14	0	 10.5695	0	33.6105	0	25.663	0	155.3	0	55.2	0	18.32	0
6401MtyBay	 2	C	08/04/2009	10:51	237.658	 36.551		    46.77	0	 10.6983	0	33.5545	0	25.593	0	160.4	0	57.2	0	17.51	0
6401MtyBay	 2	C	08/04/2009	10:51	237.658	 36.551		    41.75	0	 10.7624	0	33.5518	0	25.58	0	173.6	0	62.0	0	17.22	0
6401MtyBay	 2	C	08/04/2009	10:51	237.658	 36.551		    36.75	0	 11.2602	0	33.5424	0	25.482	0	180.7	0	65.2	0	14.77	0
6401MtyBay	 2	C	08/04/2009	10:51	237.658	 36.551		    31.80	0	 11.4841	0	33.5124	0	25.416	0	197.6	0	71.6	0	13.32	0
6401MtyBay	 2	C	08/04/2009	10:51	237.658	 36.551		    26.73	0	 11.7631	0	33.4838	0	25.34	0	207.8	0	75.7	0	11.42	0
6401MtyBay	 2	C	08/04/2009	10:51	237.658	 36.551		    21.85	0	 12.3752	0	33.4928	0	25.231	0	236.6	0	87.3	0	07.39	0
6401MtyBay	 2	C	08/04/2009	10:51	237.658	 36.551		    16.70	0	 12.8662	0	33.5023	0	25.143	0	271.3	0	101.2	0	05.32	0
6401MtyBay	 2	C	08/04/2009	10:51	237.658	 36.551		    11.74	0	 13.0618	0	33.4956	0	25.099	0	284.5	0	106.6	0	04.90	0
6401MtyBay	 2	C	08/04/2009	10:51	237.658	 36.551		     7.70	0	 13.3723	0	33.4716	0	25.016	0	290.3	0	109.4	0	05.12	0
6401MtyBay	 2	C	08/04/2009	10:51	237.658	 36.551																	
6401MtyBay	 3	C	08/04/2009	22:22	237.646	 36.558		  1098.48	0	  3.7665	0	34.4639	0	27.336	0	16.9	0	5.1	0	41.43	0
6401MtyBay	 3	C	08/04/2009	22:22	237.646	 36.558		   999.38	0	  4.1065	0	34.4297	0	27.271	0	11.7	0	3.6	0	41.40	0
6401MtyBay	 3	C	08/04/2009	22:22	237.646	 36.558		   951.09	0	  4.2255	0	34.4207	0	27.25	0	10.8	0	3.3	0	40.29	0
6401MtyBay	 3	C	08/04/2009	22:22	237.646	 36.558		   901.30	0	  4.3316	0	34.4076	0	27.227	0	9.5	0	2.9	0	40.34	0
6401MtyBay	 3	C	08/04/2009	22:22	237.646	 36.558		   851.48	0	  4.4863	0	34.3871	0	27.192	0	7.8	0	2.4	0	40.32	0
6401MtyBay	 3	C	08/04/2009	22:22	237.646	 36.558		   801.16	0	  4.7270	0	34.3663	0	27.147	0	6.9	0	2.2	0	39.87	0
6401MtyBay	 3	C	08/04/2009	22:22	237.646	 36.558		   751.72	0	  4.9618	0	34.3371	0	27.095	0	6.8	0	2.1	0	39.58	0
6401MtyBay	 3	C	08/04/2009	22:22	237.646	 36.558		   701.36	0	  5.2012	0	34.3261	0	27.057	0	7.0	0	2.2	0	38.80	0
6401MtyBay	 3	C	08/04/2009	22:22	237.646	 36.558		   651.63	0	  5.4460	0	34.2861	0	26.994	0	8.0	0	2.5	0	38.19	0
6401MtyBay	 3	C	08/04/2009	22:22	237.646	 36.558		   601.01	0	  5.7264	0	34.2801	0	26.954	0	10.1	0	3.2	0	37.23	0
6401MtyBay	 3	C	08/04/2009	22:22	237.646	 36.558		   551.44	0	  5.9153	0	34.2438	0	26.899	0	13.2	0	4.2	0	36.72	0
6401MtyBay	 3	C	08/04/2009	22:22	237.646	 36.558		   500.94	0	  6.2484	0	34.2022	0	26.821	0	21.6	0	7.0	0	35.82	0
6401MtyBay	 3	C	08/04/2009	22:22	237.646	 36.558		   451.47	0	  6.8555	0	34.2235	0	26.756	0	20.5	0	6.7	0	34.29	0
6401MtyBay	 3	C	08/04/2009	22:22	237.646	 36.558		   400.83	0	  7.2999	0	34.2242	0	26.694	0	22.7	0	7.5	0	33.23	0
6401MtyBay	 3	C	08/04/2009	22:22	237.646	 36.558		   381.36	0	  7.4312	0	34.2116	0	26.665	0	25.7	0	8.5	0	32.85	0
6401MtyBay	 3	C	08/04/2009	22:22	237.646	 36.558		   360.96	0	  7.6869	0	34.2257	0	26.639	0	26.8	0	9.0	0	32.29	0
6401MtyBay	 3	C	08/04/2009	22:22	237.646	 36.558		   351.53	0	  7.7176	0	34.2195	0	26.63	0	28.1	0	9.4	0	32.19	0
6401MtyBay	 3	C	08/04/2009	22:22	237.646	 36.558		   341.12	0	  7.7944	0	34.2158	0	26.615	0	29.5	0	9.9	0	32.00	0
6401MtyBay	 3	C	08/04/2009	22:22	237.646	 36.558		   330.31	0	  7.8890	0	34.2132	0	26.599	0	31.2	0	10.5	0	31.76	0
6401MtyBay	 3	C	08/04/2009	22:22	237.646	 36.558		   321.03	0	  7.9611	0	34.2122	0	26.588	0	32.6	0	11.0	0	31.73	0
6401MtyBay	 3	C	08/04/2009	22:22	237.646	 36.558		   311.65	0	  8.0552	0	34.2067	0	26.569	0	33.4	0	11.3	0	31.18	0
6401MtyBay	 3	C	08/04/2009	22:22	237.646	 36.558		   300.96	0	  8.2180	0	34.2022	0	26.541	0	35.6	0	12.1	0	30.70	0
6401MtyBay	 3	C	08/04/2009	22:22	237.646	 36.558		   290.82	0	  8.2766	0	34.2053	0	26.534	0	37.0	0	12.5	0	30.63	0
6401MtyBay	 3	C	08/04/2009	22:22	237.646	 36.558		   280.93	0	  8.3085	0	34.1799	0	26.508	0	38.5	0	13.0	0	30.28	0
6401MtyBay	 3	C	08/04/2009	22:22	237.646	 36.558		   270.91	0	  8.3555	0	34.1705	0	26.493	0	41.9	0	14.2	0	30.17	0
6401MtyBay	 3	C	08/04/2009	22:22	237.646	 36.558		   260.68	0	  8.4363	0	34.1646	0	26.476	0	44.9	0	15.3	0	29.88	0
6401MtyBay	 3	C	08/04/2009	22:22	237.646	 36.558		   250.79	0	  8.5833	0	34.1663	0	26.455	0	46.2	0	15.8	0	29.29	0
6401MtyBay	 3	C	08/04/2009	22:22	237.646	 36.558		   241.16	0	  8.6218	0	34.1560	0	26.44	0	48.2	0	16.5	0	29.13	0
6401MtyBay	 3	C	08/04/2009	22:22	237.646	 36.558		   230.77	0	  8.6521	0	34.1534	0	26.433	0	50.3	0	17.2	0	28.99	0
6401MtyBay	 3	C	08/04/2009	22:22	237.646	 36.558		   221.33	0	  8.7552	0	34.1327	0	26.4	0	53.4	0	18.3	0	28.65	0
6401MtyBay	 3	C	08/04/2009	22:22	237.646	 36.558		   211.34	0	  8.6418	0	34.0770	0	26.371	0	62.1	0	21.2	0	27.93	0
6401MtyBay	 3	C	08/04/2009	22:22	237.646	 36.558		   201.22	0	  8.7255	0	34.0482	0	26.334	0	74.0	0	25.3	0	27.24	0
6401MtyBay	 3	C	08/04/2009	22:22	237.646	 36.558		   191.20	0	  8.9822	0	34.0679	0	26.31	0	77.6	0	26.7	0	27.04	0
6401MtyBay	 3	C	08/04/2009	22:22	237.646	 36.558		   180.87	0	  9.1828	0	34.0254	0	26.243	0	77.0	0	26.6	0	26.82	0
6401MtyBay	 3	C	08/04/2009	22:22	237.646	 36.558		   171.05	0	  9.2299	0	34.0147	0	26.226	0	76.8	0	26.6	0	26.42	0
6401MtyBay	 3	C	08/04/2009	22:22	237.646	 36.558		   161.46	0	  9.2798	0	34.0080	0	26.212	0	77.3	0	26.8	0	26.18	0
6401MtyBay	 3	C	08/04/2009	22:22	237.646	 36.558		   151.67	0	  9.3754	0	33.9823	0	26.175	0	80.9	0	28.1	0	25.87	0
6401MtyBay	 3	C	08/04/2009	22:22	237.646	 36.558		   141.15	0	  9.5393	0	33.9296	0	26.105	0	85.7	0	29.8	0	25.61	0
6401MtyBay	 3	C	08/04/2009	22:22	237.646	 36.558		   129.12	0	  9.7047	0	33.8876	0	26.042	0	92.7	0	32.4	0	24.46	0
6401MtyBay	 3	C	08/04/2009	22:22	237.646	 36.558		   121.45	0	  9.6751	0	33.8706	0	26.033	0	98.0	0	34.2	0	23.78	0
6401MtyBay	 3	C	08/04/2009	22:22	237.646	 36.558		   111.50	0	  9.8796	0	33.8237	0	25.959	0	107.9	0	37.8	0	23.28	0
6401MtyBay	 3	C	08/04/2009	22:22	237.646	 36.558		   100.71	0	  9.8898	0	33.8234	0	25.957	0	110.3	0	38.7	0	23.31	0
6401MtyBay	 3	C	08/04/2009	22:22	237.646	 36.558		    96.16	0	  9.8872	0	33.8197	0	25.955	0	111.2	0	39.0	0	22.99	0
6401MtyBay	 3	C	08/04/2009	22:22	237.646	 36.558		    90.77	0	  9.9131	0	33.8047	0	25.938	0	112.7	0	39.5	0	23.06	0
6401MtyBay	 3	C	08/04/2009	22:22	237.646	 36.558		    86.59	0	  9.9171	0	33.8003	0	25.934	0	114.4	0	40.1	0	22.98	0
6401MtyBay	 3	C	08/04/2009	22:22	237.646	 36.558		    81.45	0	  9.9717	0	33.7717	0	25.9	0	116.7	0	41.0	0	22.18	0
6401MtyBay	 3	C	08/04/2009	22:22	237.646	 36.558		    76.60	0	  9.9964	0	33.7529	0	25.881	0	119.2	0	41.9	0	22.08	0
6401MtyBay	 3	C	08/04/2009	22:22	237.646	 36.558		    70.94	0	 10.0317	0	33.7401	0	25.864	0	124.4	0	43.7	0	21.59	0
6401MtyBay	 3	C	08/04/2009	22:22	237.646	 36.558		    66.35	0	 10.0839	0	33.6921	0	25.815	0	128.8	0	45.3	0	21.15	0
6401MtyBay	 3	C	08/04/2009	22:22	237.646	 36.558		    61.05	0	 10.1410	0	33.6658	0	25.783	0	135.3	0	47.7	0	20.80	0
6401MtyBay	 3	C	08/04/2009	22:22	237.646	 36.558		    56.73	0	 10.1661	0	33.6370	0	25.755	0	147.7	0	52.0	0	20.54	0
6401MtyBay	 3	C	08/04/2009	22:22	237.646	 36.558		    51.12	0	 10.2977	0	33.5914	0	25.694	0	157.0	0	55.5	0	19.62	0
6401MtyBay	 3	C	08/04/2009	22:22	237.646	 36.558		    46.71	0	 10.7141	0	33.5831	0	25.614	0	166.3	0	59.3	0	18.02	0
6401MtyBay	 3	C	08/04/2009	22:22	237.646	 36.558		    41.77	0	 11.2820	0	33.5828	0	25.512	0	190.3	0	68.7	0	15.86	0
6401MtyBay	 3	C	08/04/2009	22:22	237.646	 36.558		    36.86	0	 11.3238	0	33.5388	0	25.467	0	205.0	0	74.0	0	14.96	0
6401MtyBay	 3	C	08/04/2009	22:22	237.646	 36.558		    31.74	0	 11.7916	0	33.5002	0	25.348	0	231.1	0	84.3	0	11.95	0
6401MtyBay	 3	C	08/04/2009	22:22	237.646	 36.558		    26.87	0	 11.6300	0	33.4164	0	25.308	0	234.4	0	85.2	0	11.66	0
6401MtyBay	 3	C	08/04/2009	22:22	237.646	 36.558		    21.51	0	 11.9199	0	33.4130	0	25.251	0	233.6	0	85.4	0	10.17	0
6401MtyBay	 3	C	08/04/2009	22:22	237.646	 36.558		    16.76	0	 12.7251	0	33.4799	0	25.152	0	246.5	0	91.7	0	06.55	0
6401MtyBay	 3	C	08/04/2009	22:22	237.646	 36.558		    11.74	0	 12.7624	0	33.3293	0	25.018	0	264.3	0	98.3	0	06.98	0
6401MtyBay	 3	C	08/04/2009	22:22	237.646	 36.558		     7.61	0	 13.2162	0	33.3175	0	24.918	0	263.9	0	99.0	0	05.99	0
6401MtyBay	 3	C	08/04/2009	22:22	237.646	 36.558																	
6401MtyBay	 4	C	08/05/2009	09:59	237.642	 36.581		   999.85	0	  4.0861	0	34.4375	0	27.279	0	12.1	0	3.7	0	40.51	0
6401MtyBay	 4	C	08/05/2009	09:59	237.642	 36.581		   950.71	0	  4.2211	0	34.4191	0	27.249	0	10.4	0	3.2	0	40.51	0
6401MtyBay	 4	C	08/05/2009	09:59	237.642	 36.581		   901.17	0	  4.3436	0	34.3963	0	27.216	0	8.7	0	2.7	0	40.43	0
6401MtyBay	 4	C	08/05/2009	09:59	237.642	 36.581		   851.08	0	  4.5503	0	34.3980	0	27.194	0	7.8	0	2.4	0	40.02	0
6401MtyBay	 4	C	08/05/2009	09:59	237.642	 36.581		   801.43	0	  4.7081	0	34.3707	0	27.153	0	7.3	0	2.3	0	39.79	0
6401MtyBay	 4	C	08/05/2009	09:59	237.642	 36.581		   751.73	0	  4.9260	0	34.3375	0	27.1	0	6.8	0	2.1	0	39.39	0
6401MtyBay	 4	C	08/05/2009	09:59	237.642	 36.581		   700.67	0	  5.2346	0	34.3215	0	27.049	0	7.0	0	2.2	0	38.77	0
6401MtyBay	 4	C	08/05/2009	09:59	237.642	 36.581		   651.40	0	  5.4728	0	34.2919	0	26.995	0	8.4	0	2.7	0	38.17	0
6401MtyBay	 4	C	08/05/2009	09:59	237.642	 36.581		   601.60	0	  5.7761	0	34.2759	0	26.944	0	10.5	0	3.4	0	37.42	0
6401MtyBay	 4	C	08/05/2009	09:59	237.642	 36.581		   550.80	0	  5.7930	0	34.2238	0	26.899	0	14.1	0	4.5	0	36.91	0
6401MtyBay	 4	C	08/05/2009	09:59	237.642	 36.581		   501.06	0	  6.2104	0	34.2018	0	26.826	0	21.7	0	7.0	0	35.99	0
6401MtyBay	 4	C	08/05/2009	09:59	237.642	 36.581		   451.71	0	  6.8906	0	34.2221	0	26.75	0	20.9	0	6.9	0	34.28	0
6401MtyBay	 4	C	08/05/2009	09:59	237.642	 36.581		   401.03	0	  7.3897	0	34.2251	0	26.682	0	23.5	0	7.8	0	32.97	0
6401MtyBay	 4	C	08/05/2009	09:59	237.642	 36.581		   381.69	0	  7.5054	0	34.2228	0	26.664	0	25.6	0	8.5	0	32.63	0
6401MtyBay	 4	C	08/05/2009	09:59	237.642	 36.581		   361.18	0	  7.7057	0	34.2252	0	26.636	0	27.7	0	9.3	0	32.41	0
6401MtyBay	 4	C	08/05/2009	09:59	237.642	 36.581		   351.64	0	  7.7464	0	34.2236	0	26.629	0	28.6	0	9.6	0	32.21	0
6401MtyBay	 4	C	08/05/2009	09:59	237.642	 36.581		   341.05	0	  7.8973	0	34.2174	0	26.601	0	29.8	0	10.0	0	31.61	0
6401MtyBay	 4	C	08/05/2009	09:59	237.642	 36.581		   331.48	0	  7.9557	0	34.2158	0	26.591	0	32.1	0	10.8	0	31.57	0
6401MtyBay	 4	C	08/05/2009	09:59	237.642	 36.581		   321.42	0	  8.0069	0	34.2074	0	26.577	0	33.5	0	11.3	0	31.48	0
6401MtyBay	 4	C	08/05/2009	09:59	237.642	 36.581		   311.62	0	  8.1214	0	34.2047	0	26.557	0	34.8	0	11.7	0	31.18	0
6401MtyBay	 4	C	08/05/2009	09:59	237.642	 36.581		   301.17	0	  8.2197	0	34.1994	0	26.538	0	35.6	0	12.1	0	30.81	0
6401MtyBay	 4	C	08/05/2009	09:59	237.642	 36.581		   290.95	0	  8.2635	0	34.1778	0	26.513	0	39.0	0	13.2	0	30.42	0
6401MtyBay	 4	C	08/05/2009	09:59	237.642	 36.581		   281.21	0	  8.3841	0	34.1733	0	26.491	0	42.4	0	14.4	0	30.22	0
6401MtyBay	 4	C	08/05/2009	09:59	237.642	 36.581		   271.70	0	  8.4260	0	34.1773	0	26.488	0	44.4	0	15.1	0	30.03	0
6401MtyBay	 4	C	08/05/2009	09:59	237.642	 36.581		   261.50	0	  8.4743	0	34.1802	0	26.483	0	44.3	0	15.1	0	29.78	0
6401MtyBay	 4	C	08/05/2009	09:59	237.642	 36.581		   251.68	0	  8.5758	0	34.1571	0	26.448	0	45.7	0	15.6	0	28.89	0
6401MtyBay	 4	C	08/05/2009	09:59	237.642	 36.581		   241.46	0	  8.6174	0	34.1322	0	26.421	0	52.6	0	18.0	0	28.45	0
6401MtyBay	 4	C	08/05/2009	09:59	237.642	 36.581		   231.26	0	  8.4569	0	34.0654	0	26.39	0	64.4	0	21.9	0	27.99	0
6401MtyBay	 4	C	08/05/2009	09:59	237.642	 36.581		   221.04	0	  8.7728	0	34.0831	0	26.356	0	71.9	0	24.6	0	27.66	0
6401MtyBay	 4	C	08/05/2009	09:59	237.642	 36.581		   211.68	0	  8.9602	0	34.0886	0	26.331	0	68.9	0	23.7	0	27.77	0
6401MtyBay	 4	C	08/05/2009	09:59	237.642	 36.581		   201.31	0	  8.9782	0	34.0801	0	26.321	0	67.1	0	23.1	0	27.78	0
6401MtyBay	 4	C	08/05/2009	09:59	237.642	 36.581		   190.80	0	  8.9944	0	34.0651	0	26.306	0	65.3	0	22.5	0	27.88	0
6401MtyBay	 4	C	08/05/2009	09:59	237.642	 36.581		   181.69	0	  9.0134	0	34.0608	0	26.299	0	65.8	0	22.7	0	27.87	0
6401MtyBay	 4	C	08/05/2009	09:59	237.642	 36.581		   170.87	0	  9.1111	0	34.0394	0	26.266	0	67.9	0	23.4	0	27.21	0
6401MtyBay	 4	C	08/05/2009	09:59	237.642	 36.581		   161.33	0	  9.2909	0	33.9955	0	26.2	0	71.7	0	24.8	0	26.68	0
6401MtyBay	 4	C	08/05/2009	09:59	237.642	 36.581		   151.17	0	  9.3537	0	33.9812	0	26.178	0	75.8	0	26.3	0	26.59	0
6401MtyBay	 4	C	08/05/2009	09:59	237.642	 36.581		   141.67	0	  9.5943	0	33.9207	0	26.088	0	80.2	0	28.0	0	25.42	0
6401MtyBay	 4	C	08/05/2009	09:59	237.642	 36.581		   131.11	0	  9.6841	0	33.8883	0	26.046	0	88.6	0	30.9	0	24.99	0
6401MtyBay	 4	C	08/05/2009	09:59	237.642	 36.581		   121.26	0	  9.7543	0	33.8719	0	26.021	0	96.9	0	33.9	0	24.48	0
6401MtyBay	 4	C	08/05/2009	09:59	237.642	 36.581		   111.53	0	  9.8760	0	33.8233	0	25.96	0	103.2	0	36.2	0	23.23	0
6401MtyBay	 4	C	08/05/2009	09:59	237.642	 36.581		   101.81	0	  9.9254	0	33.7826	0	25.917	0	116.1	0	40.7	0	22.59	0
6401MtyBay	 4	C	08/05/2009	09:59	237.642	 36.581		    96.59	0	 10.0011	0	33.7702	0	25.894	0	122.7	0	43.1	0	22.33	0
6401MtyBay	 4	C	08/05/2009	09:59	237.642	 36.581		    91.69	0	 10.0201	0	33.7675	0	25.889	0	126.3	0	44.4	0	22.39	0
6401MtyBay	 4	C	08/05/2009	09:59	237.642	 36.581		    86.73	0	 10.0382	0	33.7661	0	25.884	0	128.1	0	45.0	0	22.23	0
6401MtyBay	 4	C	08/05/2009	09:59	237.642	 36.581		    81.44	0	 10.0961	0	33.7272	0	25.842	0	131.6	0	46.3	0	21.46	0
6401MtyBay	 4	C	08/05/2009	09:59	237.642	 36.581		    76.31	0	 10.1625	0	33.6915	0	25.801	0	139.2	0	49.1	0	20.73	0
6401MtyBay	 4	C	08/05/2009	09:59	237.642	 36.581		    71.63	0	 10.2958	0	33.6347	0	25.731	0	148.0	0	52.3	0	19.36	0
6401MtyBay	 4	C	08/05/2009	09:59	237.642	 36.581		    66.64	0	 10.2260	0	33.6128	0	25.724	0	152.9	0	53.9	0	19.45	0
6401MtyBay	 4	C	08/05/2009	09:59	237.642	 36.581		    61.73	0	 10.2403	0	33.6081	0	25.718	0	157.4	0	55.5	0	19.26	0
6401MtyBay	 4	C	08/05/2009	09:59	237.642	 36.581		    56.61	0	 10.3484	0	33.5680	0	25.666	0	168.8	0	59.7	0	18.90	0
6401MtyBay	 4	C	08/05/2009	09:59	237.642	 36.581		    51.43	0	 10.5484	0	33.5675	0	25.63	0	171.2	0	60.8	0	18.49	0
6401MtyBay	 4	C	08/05/2009	09:59	237.642	 36.581		    46.89	0	 11.0021	0	33.5174	0	25.508	0	181.3	0	65.0	0	16.20	0
6401MtyBay	 4	C	08/05/2009	09:59	237.642	 36.581		    41.42	0	 10.9973	0	33.4959	0	25.491	0	189.7	0	68.0	0	15.96	0
6401MtyBay	 4	C	08/05/2009	09:59	237.642	 36.581		    36.28	0	 10.9081	0	33.4554	0	25.473	0	196.3	0	70.2	0	15.42	0
6401MtyBay	 4	C	08/05/2009	09:59	237.642	 36.581		    31.49	0	 11.2310	0	33.4697	0	25.426	0	207.4	0	74.7	0	14.11	0
6401MtyBay	 4	C	08/05/2009	09:59	237.642	 36.581		    26.81	0	 11.0920	0	33.3381	0	25.342	0	215.2	0	77.2	0	12.54	0
6401MtyBay	 4	C	08/05/2009	09:59	237.642	 36.581		    21.87	0	 11.5489	0	33.2377	0	25.174	0	241.0	0	87.3	0	09.56	0
6401MtyBay	 4	C	08/05/2009	09:59	237.642	 36.581		    16.87	0	 11.8797	0	33.2613	0	25.131	0	249.1	0	90.9	0	08.57	0
6401MtyBay	 4	C	08/05/2009	09:59	237.642	 36.581		    11.44	0	 12.9964	0	33.3581	0	24.996	0	251.8	0	94.1	0	05.69	0
6401MtyBay	 4	C	08/05/2009	09:59	237.642	 36.581		     7.70	0	 14.4220	0	33.4391	0	24.771	0	274.8	0	105.8	0	03.80	0
6401MtyBay	 4	C	08/05/2009	09:59	237.642	 36.581																	
6401MtyBay	 5	C	08/05/2009	21:56	237.647	 36.602		   999.91	0	  4.0332	0	34.4375	0	27.285	0	12.2	0	3.7	0	40.84	0
6401MtyBay	 5	C	08/05/2009	21:56	237.647	 36.602		   950.90	0	  4.1998	0	34.4197	0	27.252	0	10.8	0	3.3	0	40.49	0
6401MtyBay	 5	C	08/05/2009	21:56	237.647	 36.602		   901.26	0	  4.3733	0	34.4048	0	27.22	0	9.0	0	2.8	0	40.48	0
6401MtyBay	 5	C	08/05/2009	21:56	237.647	 36.602		   851.55	0	  4.5679	0	34.3938	0	27.188	0	8.1	0	2.5	0	40.06	0
6401MtyBay	 5	C	08/05/2009	21:56	237.647	 36.602		   800.86	0	  4.7095	0	34.3654	0	27.149	0	6.9	0	2.2	0	39.90	0
6401MtyBay	 5	C	08/05/2009	21:56	237.647	 36.602		   751.03	0	  4.8669	0	34.3442	0	27.112	0	6.8	0	2.1	0	39.62	0
6401MtyBay	 5	C	08/05/2009	21:56	237.647	 36.602		   701.10	0	  5.1602	0	34.3242	0	27.061	0	7.0	0	2.2	0	38.89	0
6401MtyBay	 5	C	08/05/2009	21:56	237.647	 36.602		   651.07	0	  5.4187	0	34.2961	0	27.006	0	8.4	0	2.7	0	38.47	0
6401MtyBay	 5	C	08/05/2009	21:56	237.647	 36.602		   601.29	0	  5.7419	0	34.2758	0	26.948	0	10.5	0	3.4	0	37.25	0
6401MtyBay	 5	C	08/05/2009	21:56	237.647	 36.602		   550.98	0	  6.0579	0	34.2375	0	26.875	0	15.2	0	4.9	0	36.40	0
6401MtyBay	 5	C	08/05/2009	21:56	237.647	 36.602		   501.65	0	  6.3706	0	34.2112	0	26.812	0	20.1	0	6.5	0	35.57	0
6401MtyBay	 5	C	08/05/2009	21:56	237.647	 36.602		   451.27	0	  6.9499	0	34.2250	0	26.744	0	20.8	0	6.8	0	34.11	0
6401MtyBay	 5	C	08/05/2009	21:56	237.647	 36.602		   400.93	0	  7.4655	0	34.2261	0	26.672	0	25.2	0	8.4	0	32.80	0
6401MtyBay	 5	C	08/05/2009	21:56	237.647	 36.602		   380.85	0	  7.6789	0	34.2214	0	26.637	0	27.2	0	9.1	0	32.30	0
6401MtyBay	 5	C	08/05/2009	21:56	237.647	 36.602		   361.11	0	  7.9556	0	34.2125	0	26.589	0	31.6	0	10.6	0	31.38	0
6401MtyBay	 5	C	08/05/2009	21:56	237.647	 36.602		   351.53	0	  7.9854	0	34.2136	0	26.585	0	33.0	0	11.1	0	31.65	0
6401MtyBay	 5	C	08/05/2009	21:56	237.647	 36.602		   341.21	0	  8.0573	0	34.2179	0	26.578	0	33.4	0	11.3	0	31.19	0
6401MtyBay	 5	C	08/05/2009	21:56	237.647	 36.602		   331.64	0	  8.1280	0	34.1975	0	26.55	0	33.8	0	11.4	0	30.96	0
6401MtyBay	 5	C	08/05/2009	21:56	237.647	 36.602		   321.25	0	  8.1815	0	34.1902	0	26.536	0	37.2	0	12.6	0	30.85	0
6401MtyBay	 5	C	08/05/2009	21:56	237.647	 36.602		   311.57	0	  8.2043	0	34.1886	0	26.531	0	39.1	0	13.2	0	30.76	0
6401MtyBay	 5	C	08/05/2009	21:56	237.647	 36.602		   301.61	0	  8.2752	0	34.1760	0	26.51	0	40.5	0	13.7	0	30.52	0
6401MtyBay	 5	C	08/05/2009	21:56	237.647	 36.602		   291.26	0	  8.4562	0	34.1715	0	26.479	0	42.3	0	14.4	0	29.58	0
6401MtyBay	 5	C	08/05/2009	21:56	237.647	 36.602		   281.57	0	  8.5307	0	34.1667	0	26.463	0	46.3	0	15.8	0	29.56	0
6401MtyBay	 5	C	08/05/2009	21:56	237.647	 36.602		   271.12	0	  8.5320	0	34.1590	0	26.457	0	47.9	0	16.3	0	29.58	0
6401MtyBay	 5	C	08/05/2009	21:56	237.647	 36.602		   261.34	0	  8.5602	0	34.1439	0	26.44	0	48.9	0	16.7	0	29.82	0
6401MtyBay	 5	C	08/05/2009	21:56	237.647	 36.602		   251.56	0	  8.6579	0	34.1336	0	26.416	0	49.8	0	17.0	0	29.37	0
6401MtyBay	 5	C	08/05/2009	21:56	237.647	 36.602		   241.69	0	  8.7110	0	34.1228	0	26.399	0	51.3	0	17.5	0	29.12	0
6401MtyBay	 5	C	08/05/2009	21:56	237.647	 36.602		   228.91	0	  8.7935	0	34.1074	0	26.373	0	54.9	0	18.8	0	28.38	0
6401MtyBay	 5	C	08/05/2009	21:56	237.647	 36.602		   221.34	0	  8.8225	0	34.1050	0	26.366	0	57.6	0	19.8	0	28.54	0
6401MtyBay	 5	C	08/05/2009	21:56	237.647	 36.602		   211.53	0	  8.8903	0	34.0930	0	26.346	0	59.2	0	20.3	0	28.37	0
6401MtyBay	 5	C	08/05/2009	21:56	237.647	 36.602		   200.75	0	  8.9991	0	34.0595	0	26.3	0	61.2	0	21.1	0	27.85	0
6401MtyBay	 5	C	08/05/2009	21:56	237.647	 36.602		   191.31	0	  9.0833	0	34.0405	0	26.271	0	65.1	0	22.4	0	27.52	0
6401MtyBay	 5	C	08/05/2009	21:56	237.647	 36.602		   181.26	0	  9.3162	0	33.9968	0	26.197	0	70.4	0	24.4	0	26.64	0
6401MtyBay	 5	C	08/05/2009	21:56	237.647	 36.602		   171.39	0	  9.4002	0	33.9862	0	26.175	0	77.0	0	26.7	0	25.61	0
6401MtyBay	 5	C	08/05/2009	21:56	237.647	 36.602		   161.17	0	  9.4569	0	33.9476	0	26.133	0	82.6	0	28.7	0	25.84	0
6401MtyBay	 5	C	08/05/2009	21:56	237.647	 36.602		   151.60	0	  9.4384	0	33.9310	0	26.122	0	88.1	0	30.6	0	25.62	0
6401MtyBay	 5	C	08/05/2009	21:56	237.647	 36.602		   141.65	0	  9.4857	0	33.9213	0	26.106	0	90.7	0	31.5	0	25.33	0
6401MtyBay	 5	C	08/05/2009	21:56	237.647	 36.602		   131.52	0	  9.6561	0	33.8822	0	26.046	0	95.8	0	33.4	0	24.21	0
6401MtyBay	 5	C	08/05/2009	21:56	237.647	 36.602		   120.89	0	  9.8060	0	33.8370	0	25.983	0	103.5	0	36.2	0	23.58	0
6401MtyBay	 5	C	08/05/2009	21:56	237.647	 36.602		   110.77	0	  9.8737	0	33.8092	0	25.948	0	108.8	0	38.1	0	22.80	0
6401MtyBay	 5	C	08/05/2009	21:56	237.647	 36.602		   101.66	0	  9.9570	0	33.7758	0	25.906	0	117.6	0	41.3	0	22.64	0
6401MtyBay	 5	C	08/05/2009	21:56	237.647	 36.602		    96.18	0	  9.9644	0	33.7701	0	25.9	0	120.2	0	42.2	0	22.38	0
6401MtyBay	 5	C	08/05/2009	21:56	237.647	 36.602		    90.76	0	  9.9376	0	33.7524	0	25.89	0	124.0	0	43.5	0	22.35	0
6401MtyBay	 5	C	08/05/2009	21:56	237.647	 36.602		    86.30	0	  9.9671	0	33.7484	0	25.882	0	125.7	0	44.1	0	22.26	0
6401MtyBay	 5	C	08/05/2009	21:56	237.647	 36.602		    80.93	0	  9.9649	0	33.7475	0	25.881	0	127.5	0	44.8	0	22.26	0
6401MtyBay	 5	C	08/05/2009	21:56	237.647	 36.602		    76.71	0	  9.9689	0	33.7481	0	25.881	0	129.4	0	45.4	0	21.85	0
6401MtyBay	 5	C	08/05/2009	21:56	237.647	 36.602		    70.94	0	 10.0205	0	33.7162	0	25.846	0	131.1	0	46.1	0	21.71	0
6401MtyBay	 5	C	08/05/2009	21:56	237.647	 36.602		    66.38	0	 10.0278	0	33.7149	0	25.844	0	133.9	0	47.1	0	21.59	0
6401MtyBay	 5	C	08/05/2009	21:56	237.647	 36.602		    61.60	0	  9.9981	0	33.6580	0	25.801	0	143.3	0	50.3	0	20.71	0
6401MtyBay	 5	C	08/05/2009	21:56	237.647	 36.602		    56.47	0	 10.2409	0	33.5804	0	25.695	0	154.0	0	54.3	0	19.41	0
6401MtyBay	 5	C	08/05/2009	21:56	237.647	 36.602		    51.65	0	 10.3104	0	33.5421	0	25.651	0	165.4	0	58.4	0	18.71	0
6401MtyBay	 5	C	08/05/2009	21:56	237.647	 36.602		    46.89	0	 10.3982	0	33.4929	0	25.594	0	178.9	0	63.3	0	17.55	0
6401MtyBay	 5	C	08/05/2009	21:56	237.647	 36.602		    41.77	0	 10.7701	0	33.4974	0	25.533	0	188.6	0	67.3	0	16.62	0
6401MtyBay	 5	C	08/05/2009	21:56	237.647	 36.602		    36.62	0	 11.0754	0	33.4640	0	25.45	0	197.9	0	71.1	0	15.30	0
6401MtyBay	 5	C	08/05/2009	21:56	237.647	 36.602		    31.82	0	 11.6184	0	33.4781	0	25.362	0	210.6	0	76.5	0	12.84	0
6401MtyBay	 5	C	08/05/2009	21:56	237.647	 36.602		    26.73	0	 11.2449	0	33.2710	0	25.258	0	231.0	0	83.1	0	11.20	0
6401MtyBay	 5	C	08/05/2009	21:56	237.647	 36.602		    21.77	0	 11.6643	0	33.2810	0	25.188	0	239.8	0	87.1	0	09.63	0
6401MtyBay	 5	C	08/05/2009	21:56	237.647	 36.602		    16.76	0	 11.9987	0	33.2965	0	25.138	0	253.8	0	92.8	0	07.83	0
6401MtyBay	 5	C	08/05/2009	21:56	237.647	 36.602		    11.65	0	 13.3278	0	33.3275	0	24.904	0	279.8	0	105.3	0	04.84	0
6401MtyBay	 5	C	08/05/2009	21:56	237.647	 36.602		     7.55	0	 14.5777	0	33.2966	0	24.617	0	282.2	0	108.9	0	02.71	0
6401MtyBay	 5	C	08/05/2009	21:56	237.647	 36.602																	
6401MtyBay	 6	C	08/06/2009	00:53	237.644	 36.628		   200.24	0	  8.8798	0	34.0895	0	26.344	0	62.1	0	21.3	0	28.69	0
6401MtyBay	 6	C	08/06/2009	00:53	237.644	 36.628		   190.89	0	  8.9657	0	34.0651	0	26.31	0	61.9	0	21.3	0	28.12	0
6401MtyBay	 6	C	08/06/2009	00:53	237.644	 36.628		   181.05	0	  9.0813	0	34.0389	0	26.27	0	66.2	0	22.8	0	27.57	0
6401MtyBay	 6	C	08/06/2009	00:53	237.644	 36.628		   171.15	0	  9.2334	0	33.9961	0	26.21	0	72.5	0	25.1	0	26.49	0
6401MtyBay	 6	C	08/06/2009	00:53	237.644	 36.628		   161.75	0	  9.3253	0	33.9711	0	26.174	0	81.1	0	28.1	0	26.06	0
6401MtyBay	 6	C	08/06/2009	00:53	237.644	 36.628		   151.35	0	  9.4304	0	33.9601	0	26.148	0	84.0	0	29.2	0	26.14	0
6401MtyBay	 6	C	08/06/2009	00:53	237.644	 36.628		   139.19	0	  9.5742	0	33.9151	0	26.087	0	89.0	0	31.0	0	25.31	0
6401MtyBay	 6	C	08/06/2009	00:53	237.644	 36.628		   131.30	0	  9.6388	0	33.8828	0	26.049	0	93.7	0	32.7	0	24.83	0
6401MtyBay	 6	C	08/06/2009	00:53	237.644	 36.628		   120.82	0	  9.6743	0	33.8666	0	26.03	0	101.0	0	35.2	0	24.71	0
6401MtyBay	 6	C	08/06/2009	00:53	237.644	 36.628		   111.24	0	  9.7094	0	33.8254	0	25.989	0	107.9	0	37.7	0	23.98	0
6401MtyBay	 6	C	08/06/2009	00:53	237.644	 36.628		   100.63	0	  9.8739	0	33.8172	0	25.955	0	114.6	0	40.2	0	23.81	0
6401MtyBay	 6	C	08/06/2009	00:53	237.644	 36.628		    95.93	0	  9.9072	0	33.8060	0	25.94	0	116.1	0	40.7	0	22.93	0
6401MtyBay	 6	C	08/06/2009	00:53	237.644	 36.628		    91.36	0	  9.9460	0	33.7853	0	25.916	0	117.7	0	41.3	0	22.70	0
6401MtyBay	 6	C	08/06/2009	00:53	237.644	 36.628		    86.00	0	  9.9590	0	33.7719	0	25.903	0	120.3	0	42.2	0	22.78	0
6401MtyBay	 6	C	08/06/2009	00:53	237.644	 36.628		    80.96	0	  9.9609	0	33.7699	0	25.901	0	123.8	0	43.5	0	22.73	0
6401MtyBay	 6	C	08/06/2009	00:53	237.644	 36.628		    75.99	0	  9.9442	0	33.7430	0	25.881	0	126.7	0	44.5	0	22.37	0
6401MtyBay	 6	C	08/06/2009	00:53	237.644	 36.628		    71.61	0	  9.9999	0	33.7442	0	25.873	0	129.2	0	45.4	0	22.39	0
6401MtyBay	 6	C	08/06/2009	00:53	237.644	 36.628		    66.73	0	  9.9970	0	33.7382	0	25.868	0	131.2	0	46.1	0	22.05	0
6401MtyBay	 6	C	08/06/2009	00:53	237.644	 36.628		    61.44	0	 10.0102	0	33.6803	0	25.818	0	136.0	0	47.8	0	21.43	0
6401MtyBay	 6	C	08/06/2009	00:53	237.644	 36.628		    56.32	0	 10.1819	0	33.6222	0	25.74	0	152.0	0	53.6	0	20.04	0
6401MtyBay	 6	C	08/06/2009	00:53	237.644	 36.628		    51.36	0	 10.3849	0	33.5995	0	25.686	0	157.7	0	55.8	0	19.09	0
6401MtyBay	 6	C	08/06/2009	00:53	237.644	 36.628		    46.61	0	 10.4147	0	33.5567	0	25.645	0	162.2	0	57.4	0	18.37	0
6401MtyBay	 6	C	08/06/2009	00:53	237.644	 36.628		    41.54	0	 10.6625	0	33.5156	0	25.567	0	175.7	0	62.5	0	17.68	0
6401MtyBay	 6	C	08/06/2009	00:53	237.644	 36.628		    36.83	0	 11.1092	0	33.5008	0	25.475	0	181.9	0	65.4	0	15.69	0
6401MtyBay	 6	C	08/06/2009	00:53	237.644	 36.628		    31.27	0	 11.3594	0	33.5114	0	25.438	0	207.9	0	75.1	0	14.65	0
6401MtyBay	 6	C	08/06/2009	00:53	237.644	 36.628		    26.57	0	 11.6161	0	33.4660	0	25.352	0	218.8	0	79.5	0	12.29	0
6401MtyBay	 6	C	08/06/2009	00:53	237.644	 36.628		    21.76	0	 11.3738	0	33.2861	0	25.247	0	233.4	0	84.2	0	11.15	0
6401MtyBay	 6	C	08/06/2009	00:53	237.644	 36.628		    16.53	0	 11.9286	0	33.3013	0	25.156	0	248.6	0	90.8	0	08.31	0
6401MtyBay	 6	C	08/06/2009	00:53	237.644	 36.628		    11.74	0	 12.7693	0	33.2664	0	24.964	0	274.9	0	102.2	0	05.92	0
6401MtyBay	 6	C	08/06/2009	00:53	237.644	 36.628		     7.70	0	 13.9455	0	33.3056	0	24.758	0	279.9	0	106.7	0	04.08	0
6401MtyBay	 6	C	08/06/2009	00:53	237.644	 36.628																	
6401MtyBay	 7	C	08/06/2009	03:48	237.639	 36.655		   200.72	0	  8.9716	0	34.0660	0	26.31	0	63.0	0	21.7	0	28.21	0
6401MtyBay	 7	C	08/06/2009	03:48	237.639	 36.655		   191.66	0	  9.0935	0	34.0309	0	26.261	0	66.8	0	23.0	0	27.22	0
6401MtyBay	 7	C	08/06/2009	03:48	237.639	 36.655		   181.08	0	  9.2252	0	33.9993	0	26.214	0	75.6	0	26.1	0	26.63	0
6401MtyBay	 7	C	08/06/2009	03:48	237.639	 36.655		   171.24	0	  9.3268	0	33.9836	0	26.184	0	79.1	0	27.4	0	26.32	0
6401MtyBay	 7	C	08/06/2009	03:48	237.639	 36.655		   160.94	0	  9.4073	0	33.9672	0	26.158	0	82.1	0	28.5	0	26.10	0
6401MtyBay	 7	C	08/06/2009	03:48	237.639	 36.655		   151.34	0	  9.4660	0	33.9466	0	26.131	0	85.3	0	29.6	0	25.89	0
6401MtyBay	 7	C	08/06/2009	03:48	237.639	 36.655		   140.01	0	  9.5980	0	33.9056	0	26.075	0	92.4	0	32.2	0	25.14	0
6401MtyBay	 7	C	08/06/2009	03:48	237.639	 36.655		   131.14	0	  9.6024	0	33.9041	0	26.073	0	96.0	0	33.5	0	25.18	0
6401MtyBay	 7	C	08/06/2009	03:48	237.639	 36.655		   121.57	0	  9.6797	0	33.8790	0	26.039	0	97.9	0	34.2	0	24.52	0
6401MtyBay	 7	C	08/06/2009	03:48	237.639	 36.655		   111.23	0	  9.7303	0	33.8534	0	26.009	0	104.6	0	36.6	0	24.21	0
6401MtyBay	 7	C	08/06/2009	03:48	237.639	 36.655		   101.23	0	  9.8304	0	33.8035	0	25.951	0	112.3	0	39.3	0	23.63	0
6401MtyBay	 7	C	08/06/2009	03:48	237.639	 36.655		    96.32	0	  9.9476	0	33.8013	0	25.929	0	115.9	0	40.7	0	23.20	0
6401MtyBay	 7	C	08/06/2009	03:48	237.639	 36.655		    91.59	0	  9.9548	0	33.7782	0	25.909	0	118.5	0	41.6	0	22.87	0
6401MtyBay	 7	C	08/06/2009	03:48	237.639	 36.655		    85.96	0	  9.9725	0	33.7688	0	25.898	0	122.9	0	43.1	0	22.71	0
6401MtyBay	 7	C	08/06/2009	03:48	237.639	 36.655		    81.48	0	  9.9962	0	33.7625	0	25.889	0	125.5	0	44.1	0	22.55	0
6401MtyBay	 7	C	08/06/2009	03:48	237.639	 36.655		    76.49	0	  9.9960	0	33.7396	0	25.87	0	129.3	0	45.4	0	22.07	0
6401MtyBay	 7	C	08/06/2009	03:48	237.639	 36.655		    71.19	0	 10.0856	0	33.6947	0	25.817	0	134.6	0	47.4	0	21.16	0
6401MtyBay	 7	C	08/06/2009	03:48	237.639	 36.655		    66.35	0	 10.2006	0	33.6766	0	25.782	0	141.1	0	49.8	0	20.78	0
6401MtyBay	 7	C	08/06/2009	03:48	237.639	 36.655		    61.27	0	 10.2514	0	33.6405	0	25.743	0	148.3	0	52.3	0	19.84	0
6401MtyBay	 7	C	08/06/2009	03:48	237.639	 36.655		    56.28	0	 10.2713	0	33.5954	0	25.702	0	154.9	0	54.7	0	19.28	0
6401MtyBay	 7	C	08/06/2009	03:48	237.639	 36.655		    51.74	0	 10.4899	0	33.5544	0	25.63	0	161.8	0	57.4	0	18.48	0
6401MtyBay	 7	C	08/06/2009	03:48	237.639	 36.655		    46.50	0	 10.5416	0	33.5455	0	25.613	0	167.5	0	59.5	0	17.79	0
6401MtyBay	 7	C	08/06/2009	03:48	237.639	 36.655		    41.72	0	 11.0525	0	33.4911	0	25.477	0	175.6	0	63.0	0	15.94	0
6401MtyBay	 7	C	08/06/2009	03:48	237.639	 36.655		    36.69	0	 11.7282	0	33.5299	0	25.385	0	214.5	0	78.1	0	12.74	0
6401MtyBay	 7	C	08/06/2009	03:48	237.639	 36.655		    31.65	0	 11.7029	0	33.4380	0	25.313	0	226.7	0	82.5	0	12.05	0
6401MtyBay	 7	C	08/06/2009	03:48	237.639	 36.655		    26.33	0	 11.4725	0	33.3333	0	25.268	0	239.7	0	86.7	0	10.92	0
6401MtyBay	 7	C	08/06/2009	03:48	237.639	 36.655		    21.63	0	 11.7598	0	33.2456	0	25.141	0	244.6	0	89.0	0	08.81	0
6401MtyBay	 7	C	08/06/2009	03:48	237.639	 36.655		    16.68	0	 11.7559	0	33.1968	0	25.101	0	252.4	0	91.8	0	08.54	0
6401MtyBay	 7	C	08/06/2009	03:48	237.639	 36.655		    11.86	0	 13.2394	0	33.3753	0	24.962	0	263.5	0	99.0	0	05.69	0
6401MtyBay	 7	C	08/06/2009	03:48	237.639	 36.655		     7.67	0	 14.5560	0	33.4531	0	24.754	0	291.3	0	112.5	0	03.92	0
6401MtyBay	 7	C	08/06/2009	03:48	237.639	 36.655																	
6401MtyBay	 8	C	08/06/2009	06:20	237.633	 36.680		   201.59	0	  9.2013	0	34.0048	0	26.222	0	75.0	0	25.9	0	26.86	0
6401MtyBay	 8	C	08/06/2009	06:20	237.633	 36.680		   190.87	0	  9.2564	0	33.9953	0	26.206	0	78.7	0	27.2	0	26.68	0
6401MtyBay	 8	C	08/06/2009	06:20	237.633	 36.680		   181.41	0	  9.3486	0	33.9754	0	26.174	0	81.6	0	28.3	0	26.43	0
6401MtyBay	 8	C	08/06/2009	06:20	237.633	 36.680		   170.73	0	  9.4519	0	33.9512	0	26.137	0	84.6	0	29.4	0	25.86	0
6401MtyBay	 8	C	08/06/2009	06:20	237.633	 36.680		   161.44	0	  9.5505	0	33.9191	0	26.094	0	89.1	0	31.0	0	25.58	0
6401MtyBay	 8	C	08/06/2009	06:20	237.633	 36.680		   150.93	0	  9.5715	0	33.9126	0	26.085	0	93.9	0	32.7	0	25.49	0
6401MtyBay	 8	C	08/06/2009	06:20	237.633	 36.680		   140.06	0	  9.6139	0	33.9004	0	26.068	0	96.7	0	33.7	0	25.07	0
6401MtyBay	 8	C	08/06/2009	06:20	237.633	 36.680		   131.39	0	  9.6532	0	33.8882	0	26.051	0	98.8	0	34.5	0	24.82	0
6401MtyBay	 8	C	08/06/2009	06:20	237.633	 36.680		   121.55	0	  9.6933	0	33.8684	0	26.028	0	102.4	0	35.8	0	24.62	0
6401MtyBay	 8	C	08/06/2009	06:20	237.633	 36.680		   111.13	0	  9.7240	0	33.8541	0	26.011	0	107.0	0	37.4	0	24.52	0
6401MtyBay	 8	C	08/06/2009	06:20	237.633	 36.680		   100.92	0	  9.7858	0	33.8251	0	25.976	0	110.8	0	38.8	0	23.92	0
6401MtyBay	 8	C	08/06/2009	06:20	237.633	 36.680		    96.41	0	  9.8185	0	33.8110	0	25.959	0	114.8	0	40.2	0	23.74	0
6401MtyBay	 8	C	08/06/2009	06:20	237.633	 36.680		    90.96	0	  9.9104	0	33.8010	0	25.935	0	117.8	0	41.3	0	23.67	0
6401MtyBay	 8	C	08/06/2009	06:20	237.633	 36.680		    86.70	0	  9.9656	0	33.7904	0	25.917	0	120.2	0	42.2	0	23.06	0
6401MtyBay	 8	C	08/06/2009	06:20	237.633	 36.680		    81.61	0	  9.9570	0	33.7780	0	25.908	0	122.9	0	43.2	0	22.94	0
6401MtyBay	 8	C	08/06/2009	06:20	237.633	 36.680		    76.45	0	  9.9623	0	33.7697	0	25.9	0	124.7	0	43.8	0	22.73	0
6401MtyBay	 8	C	08/06/2009	06:20	237.633	 36.680		    71.47	0	  9.9702	0	33.7682	0	25.898	0	126.5	0	44.4	0	22.72	0
6401MtyBay	 8	C	08/06/2009	06:20	237.633	 36.680		    66.57	0	 10.0059	0	33.7601	0	25.885	0	128.2	0	45.1	0	22.54	0
6401MtyBay	 8	C	08/06/2009	06:20	237.633	 36.680		    60.99	0	  9.9800	0	33.7314	0	25.865	0	131.3	0	46.1	0	22.08	0
6401MtyBay	 8	C	08/06/2009	06:20	237.633	 36.680		    56.39	0	 10.1188	0	33.6972	0	25.813	0	135.4	0	47.7	0	21.54	0
6401MtyBay	 8	C	08/06/2009	06:20	237.633	 36.680		    51.18	0	 10.2126	0	33.6643	0	25.77	0	141.0	0	49.8	0	20.45	0
6401MtyBay	 8	C	08/06/2009	06:20	237.633	 36.680		    46.62	0	 10.3069	0	33.6136	0	25.711	0	150.2	0	53.1	0	19.44	0
6401MtyBay	 8	C	08/06/2009	06:20	237.633	 36.680		    41.86	0	 10.4471	0	33.5718	0	25.652	0	158.5	0	56.2	0	18.56	0
6401MtyBay	 8	C	08/06/2009	06:20	237.633	 36.680		    36.86	0	 10.6213	0	33.5732	0	25.622	0	172.0	0	61.2	0	17.80	0
6401MtyBay	 8	C	08/06/2009	06:20	237.633	 36.680		    31.74	0	 10.9567	0	33.5321	0	25.528	0	185.7	0	66.5	0	16.07	0
6401MtyBay	 8	C	08/06/2009	06:20	237.633	 36.680		    26.84	0	 11.4735	0	33.5054	0	25.412	0	207.0	0	75.0	0	14.17	0
6401MtyBay	 8	C	08/06/2009	06:20	237.633	 36.680		    21.55	0	 11.7972	0	33.4546	0	25.309	0	225.8	0	82.3	0	11.96	0
6401MtyBay	 8	C	08/06/2009	06:20	237.633	 36.680		    16.86	0	 11.4806	0	33.3165	0	25.252	0	239.6	0	86.7	0	10.74	0
6401MtyBay	 8	C	08/06/2009	06:20	237.633	 36.680		    11.80	0	 13.6481	0	33.4605	0	24.95	0	265.5	0	100.7	0	03.63	0
6401MtyBay	 8	C	08/06/2009	06:20	237.633	 36.680		     7.71	0	 14.2881	0	33.4861	0	24.839	0	326.1	0	125.3	0	00.64	0
6401MtyBay	 8	C	08/06/2009	06:20	237.633	 36.680																	
6401MtyBay	 9	C	08/06/2009	09:02	237.629	 36.707		   201.63	0	  9.0100	0	34.0559	0	26.296	0	64.7	0	22.3	0	27.84	0
6401MtyBay	 9	C	08/06/2009	09:02	237.629	 36.707		   191.14	0	  9.1088	0	34.0300	0	26.258	0	69.1	0	23.9	0	27.41	0
6401MtyBay	 9	C	08/06/2009	09:02	237.629	 36.707		   181.70	0	  9.1709	0	34.0112	0	26.233	0	73.9	0	25.5	0	27.06	0
6401MtyBay	 9	C	08/06/2009	09:02	237.629	 36.707		   171.42	0	  9.2551	0	33.9936	0	26.204	0	77.4	0	26.8	0	26.92	0
6401MtyBay	 9	C	08/06/2009	09:02	237.629	 36.707		   161.17	0	  9.3697	0	33.9627	0	26.16	0	81.6	0	28.3	0	26.13	0
6401MtyBay	 9	C	08/06/2009	09:02	237.629	 36.707		   150.99	0	  9.4666	0	33.9363	0	26.122	0	87.3	0	30.3	0	25.84	0
6401MtyBay	 9	C	08/06/2009	09:02	237.629	 36.707		   141.54	0	  9.5410	0	33.8984	0	26.078	0	94.1	0	32.7	0	25.55	0
6401MtyBay	 9	C	08/06/2009	09:02	237.629	 36.707		   131.20	0	  9.6642	0	33.8863	0	26.048	0	98.7	0	34.5	0	24.72	0
6401MtyBay	 9	C	08/06/2009	09:02	237.629	 36.707		   121.28	0	  9.6547	0	33.8640	0	26.031	0	101.8	0	35.5	0	24.84	0
6401MtyBay	 9	C	08/06/2009	09:02	237.629	 36.707		   111.42	0	  9.7940	0	33.8568	0	26.001	0	105.9	0	37.1	0	24.38	0
6401MtyBay	 9	C	08/06/2009	09:02	237.629	 36.707		   100.88	0	  9.8937	0	33.8175	0	25.952	0	110.3	0	38.7	0	23.39	0
6401MtyBay	 9	C	08/06/2009	09:02	237.629	 36.707		    96.52	0	  9.9303	0	33.7997	0	25.931	0	113.5	0	39.8	0	23.35	0
6401MtyBay	 9	C	08/06/2009	09:02	237.629	 36.707		    91.37	0	  9.9630	0	33.7809	0	25.91	0	117.6	0	41.3	0	23.06	0
6401MtyBay	 9	C	08/06/2009	09:02	237.629	 36.707		    86.18	0	  9.9555	0	33.7771	0	25.908	0	122.0	0	42.8	0	23.04	0
6401MtyBay	 9	C	08/06/2009	09:02	237.629	 36.707		    81.12	0	  9.9626	0	33.7700	0	25.901	0	124.7	0	43.8	0	22.96	0
6401MtyBay	 9	C	08/06/2009	09:02	237.629	 36.707		    76.09	0	  9.9912	0	33.7632	0	25.89	0	126.4	0	44.4	0	22.74	0
6401MtyBay	 9	C	08/06/2009	09:02	237.629	 36.707		    71.20	0	 10.0266	0	33.7544	0	25.877	0	129.1	0	45.4	0	22.67	0
6401MtyBay	 9	C	08/06/2009	09:02	237.629	 36.707		    66.48	0	 10.1169	0	33.7064	0	25.821	0	133.5	0	47.0	0	21.78	0
6401MtyBay	 9	C	08/06/2009	09:02	237.629	 36.707		    61.18	0	 10.1526	0	33.6877	0	25.8	0	139.3	0	49.1	0	21.23	0
6401MtyBay	 9	C	08/06/2009	09:02	237.629	 36.707		    56.62	0	 10.2252	0	33.6673	0	25.77	0	144.1	0	50.9	0	20.39	0
6401MtyBay	 9	C	08/06/2009	09:02	237.629	 36.707		    51.78	0	 10.3230	0	33.5886	0	25.687	0	151.2	0	53.4	0	18.99	0
6401MtyBay	 9	C	08/06/2009	09:02	237.629	 36.707		    46.70	0	 10.5436	0	33.5650	0	25.629	0	159.0	0	56.5	0	17.69	0
6401MtyBay	 9	C	08/06/2009	09:02	237.629	 36.707		    41.52	0	 10.8085	0	33.5612	0	25.579	0	178.6	0	63.8	0	16.09	0
6401MtyBay	 9	C	08/06/2009	09:02	237.629	 36.707		    36.81	0	 11.0339	0	33.5306	0	25.513	0	192.3	0	69.0	0	15.43	0
6401MtyBay	 9	C	08/06/2009	09:02	237.629	 36.707		    31.89	0	 11.2483	0	33.4951	0	25.445	0	205.7	0	74.1	0	15.19	0
6401MtyBay	 9	C	08/06/2009	09:02	237.629	 36.707		    26.72	0	 11.7549	0	33.4463	0	25.31	0	222.7	0	81.1	0	11.50	0
6401MtyBay	 9	C	08/06/2009	09:02	237.629	 36.707		    21.85	0	 12.0483	0	33.3573	0	25.18	0	241.7	0	88.5	0	09.11	0
6401MtyBay	 9	C	08/06/2009	09:02	237.629	 36.707		    16.76	0	 13.5913	0	33.4717	0	24.971	0	274.6	0	104.0	0	03.42	0
6401MtyBay	 9	C	08/06/2009	09:02	237.629	 36.707		    11.68	0	 13.9290	0	33.4901	0	24.917	0	320.1	0	122.1	0	00.69	0
6401MtyBay	 9	C	08/06/2009	09:02	237.629	 36.707		     7.42	0	 14.1851	0	33.4711	0	24.848	0	338.0	0	129.6	0	00.75	0
6401MtyBay	 9	C	08/06/2009	09:02	237.629	 36.707																	
